  0.000000000000000E+000   13396019146752.0        23974222233600.0     
   38871972708352.0        44538928806400.0        48937984767488.0     
   51473536356352.0        52256408825208.0        53311920899472.0     
   53800447427584.0        53912140446592.0        54713485651968.0     
   56433011269888.0        68852951748608.0        82317343202304.0     
   84740393518976.0        86110525358080.0        88029818323456.0     
   93563263352832.0        96951933803392.0        99191466668448.0     
   104175065663760.        105048623022080.        116346119694848.     
   133008410537984.        142782928519168.        147994998192192.     
   155023679838640.        163988830057824.        167368006742896.     
   169693554215104.        175820289194032.        189819109186112.     
   213710997282816.        232147066988032.        234273052487680.     
   235587454631936.        241291521712128.        247803363171520.     
   251703947788288.        257132959020544.        266876644388768.     
   270169054117888.        275561613654080.        279416413159424.     
   280570813743104.        282357193810880.        291466279632896.     
   295489030961792.        297719520559104.        302063478311936.     
   306780763810432.        319702939897856.        324845794885632.     
   330295465658368.        334240758368928.        343173647564800.     
   346693218939440.        358684047704064.        369446509641728.     
   372802747032064.        375738363933696.        378578172021672.     
   382452388007400.        388475374868480.        391399958380544.     
   392589199993856.        394063217338768.        395830004318208.     
   398126231649792.        402157987067480.        406020316409344.     
   427862591801856.        431737476170752.        434359203293696.     
   439798784219248.        441876954517584.        447292746235904.     
   451880171022848.        458344022497280.        461680226533376.     
   471606111502336.        476126263316480.        480013663132736.     
   483734463466048.        485017806438400.        489265781778944.     
   496206803693376.        501525334196224.        503528653062144.     
   510679232106048.        514343582153216.        526126149632000.     
   532556094740480.        534714042735552.        536652555117056.     
   538134265835472.        538891077923328.        546987864400000.     
   553555462127616.        555685830497792.        560444427677968.     
   564050917253120.        567336545727296.        572080868044800.     
   573766792819728.        574142348006200.        574282275094528.     
   574843748582848.        575750949240832.        575801001222144.     
   575962197565440.        575982241626112.        575982987045376.     
   575991874298368.        578543643787264.        581307845601968.     
   583356004433920.        586643295567872.        592052751446016.     
   594031817331200.        595958824624832.        596567440580608.     
   599517536777288.        610829877043264.        620173961036288.     
   627210310264128.        633234918553536.        647931687875584.     
   659761804607488.        672738239204768.        673349096573472.     
   674149248945216.        674416889548800.        674498837542016.     
   678276226126032.        691012844095936.        695115743919104.     
   698419162882560.        704405417084416.        707970723556352.     
   709144292215304.        712664151422560.        715289962119432.     
   719490845246080.        721392738768000.        722842325376600.     
   726914445772160.        729383789335984.        730817271513440.     
   731248949723136.        731502621124608.        734221677261680.     
   743880144453632.        754399880540160.        764712417231552.     
   774392377173824.        774766162305024.        776230847035392.     
   778290142381568.        787534471549400.        788058664091296.     
   789419174166016.        791140082869760.        791221915436992.     
   793415403372544.        794342822248448.        795188661059584.     
   795450508188816.        799671704207360.        803682997836896.     
   804624052813824.        806007117230080.        806708166013440.     
   807490993356800.        810818308282432.        813046768975872.     
   818499624632320.        818824006305792.        821108833304576.     
   821788453059584.        822914472965824.        824211051806720.     
   824663911858176.        828548743032704.        832794670399488.     
   833822931764480.        833858989092208.        835608929574912.     
   838153165307904.        843712550769152.        846780054036480.     
   848348953923064.        851895752546816.        855561959796736.     
   858734885994496.        860505180176384.        862884998520448.     
   868065142665216.        868068932412224.        868098709500224.     
   868538929125888.        869163783159808.        872433920737280.     
   873978153770008.        875296093305800.        880847487754240.     
   893363378072064.        913038510870592.        915917645373952.     
   917151232987664.        926370984386560.        934965138864736.     
   935691906242496.        938077679140864.        942325006106160.     
   946704113664000.        948917237751808.        951231150784512.     
   956544083013376.        963838275074392.        963888684996608.     
   966350387022336.        966886045478912.        966914535307752.     
   966946200104960.        968388624001920.        971269262737408.     
   975189823165440.        977020284640640.        980204313072128.     
   983093385101312.        990730220750096.        994460353109312.     
   998968360185344.       1.002004813250560E+015  1.006622373511170E+015
  1.012186274430850E+015  1.015683060448770E+015  1.023160626744320E+015
  1.028389956974780E+015  1.031428006219780E+015  1.045851403328510E+015
  1.050034565480450E+015  1.052789782347780E+015  1.061060873813090E+015
  1.061554642206720E+015  1.070022939443580E+015  1.074302531704130E+015
  1.075070479528450E+015  1.077730012819820E+015  1.082621483813890E+015
  1.082868686055070E+015  1.085390455866180E+015  1.087982133445820E+015
  1.101237781389310E+015  1.102195489312680E+015  1.102257162023420E+015
  1.106341698604140E+015  1.112041701121020E+015  1.116694369857540E+015
  1.121264155328510E+015  1.125372375684300E+015  1.125873802813440E+015
  1.130762128379900E+015  1.144139567792130E+015  1.152756085686270E+015
  1.163806160437250E+015  1.171118250172420E+015  1.184140284133380E+015
  1.196100854665730E+015  1.201549002309630E+015  1.218047855132670E+015
  1.228341605122050E+015  1.234225916829700E+015  1.235931616549960E+015
  1.239632178239620E+015  1.246451290783740E+015  1.250022974590980E+015
  1.252529344091900E+015  1.255383716643330E+015  1.258564798820350E+015
  1.260179331346370E+015  1.261195066744830E+015  1.261396891890750E+015
  1.262737473732610E+015  1.267426210734080E+015  1.271596385342140E+015
  1.272013427885570E+015  1.273889547677700E+015  1.280974669259840E+015
  1.291710082146300E+015  1.297465909955500E+015  1.308195722974080E+015
  1.313202849137350E+015  1.314585646809090E+015  1.318720617954620E+015
  1.320362869773310E+015  1.327042821881860E+015  1.337181568857150E+015
  1.347834096320510E+015  1.353868984849410E+015  1.355839268987390E+015
  1.355936694067180E+015  1.358237665853440E+015  1.363611771731970E+015
  1.364196885154940E+015  1.364434808475780E+015  1.364958818745120E+015
  1.368659862453060E+015  1.370228857955460E+015  1.371647585452030E+015
  1.373419170862180E+015  1.377257299840510E+015  1.380314240408820E+015
  1.385828053317820E+015  1.388293304488650E+015  1.399107554667260E+015
  1.401077767364610E+015  1.401902758055940E+015  1.402182886022640E+015
  1.404686375219200E+015  1.411378091130880E+015  1.412962279427070E+015
  1.413742764028930E+015  1.414165035199360E+015  1.416291076686850E+015
  1.416452535185150E+015  1.416462598689980E+015  1.417187899223040E+015
  1.421042042011650E+015  1.422624066371580E+015  1.426767982781060E+015
  1.437332362837760E+015  1.439704349918760E+015  1.441143052674500E+015
  1.444302933071410E+015  1.449798480297980E+015  1.452210784773220E+015
  1.453111018893310E+015  1.455079309565180E+015  1.458277374572610E+015
  1.459093529800700E+015  1.459476730016700E+015  1.459521655133570E+015
  1.459565825359870E+015  1.459660988536130E+015  1.459689276304450E+015
  1.460720113166460E+015  1.462543549050370E+015  1.464508903063550E+015
  1.474672298946560E+015  1.478330066583550E+015  1.486204165414400E+015
  1.497630595300830E+015  1.504674473389120E+015  1.520962955256830E+015
  1.525939111190850E+015  1.531393097234320E+015  1.535557626910980E+015
  1.541016810815490E+015  1.553808947609600E+015  1.557999454355460E+015
  1.570582222422400E+015  1.577944121149310E+015  1.579016430641300E+015
  1.580810353106430E+015  1.597969939595260E+015  1.605266798160380E+015
  1.617962572049860E+015  1.622386862360580E+015  1.628772822317060E+015
  1.641646437257730E+015  1.646614570045570E+015  1.648760213251460E+015
  1.651921247412220E+015  1.654925373388720E+015  1.658304838730240E+015
  1.663431853457410E+015  1.668737992047100E+015  1.672557617032810E+015
  1.676162898941060E+015  1.687848234459140E+015  1.719133022511100E+015
  1.725816280633860E+015  1.729876010377860E+015  1.735354893833150E+015
  1.739074250128510E+015  1.747847730302980E+015  1.749784809439230E+015
  1.753882747620420E+015  1.760273030885380E+015  1.768424702715390E+015
  1.771726502030850E+015  1.772331460798980E+015  1.775658809318160E+015
  1.776550749978110E+015  1.776895637848060E+015  1.783829855469570E+015
  1.785022659403780E+015  1.791115272428100E+015  1.794905140388540E+015
  1.799986282233860E+015  1.800874891223740E+015  1.812442441803070E+015
  1.822386069840900E+015  1.825243101176900E+015  1.826457578695360E+015
  1.833402420428800E+015  1.839791401638400E+015  1.843812289994980E+015
  1.846990385111040E+015  1.854873378750460E+015  1.857305844416510E+015
  1.871072304382980E+015  1.874154738819070E+015  1.875758555591810E+015
  1.879099929001980E+015  1.883398902930940E+015  1.886403942943560E+015
  1.890569593176060E+015  1.899440638504960E+015  1.902845402940360E+015
  1.911159121510400E+015  1.915318886475010E+015  1.917710209248980E+015
  1.920297537484480E+015  1.921201783326210E+015  1.927675211907070E+015
  1.931685203908860E+015  1.933092374401220E+015  1.934416267169790E+015
  1.934421168060000E+015  1.934421368195580E+015  1.934425137327100E+015
  1.934450477858820E+015  1.934869499816700E+015  1.938356506722300E+015
  1.939211615955200E+015  1.944509126755330E+015  1.947912256708610E+015
  1.959284980548930E+015  1.967759038775300E+015  1.973561589497860E+015
  1.975663797043200E+015  1.976758282031100E+015  1.976812039557120E+015
  1.978848697376770E+015  1.981451337453180E+015  1.985990494890820E+015
  1.989303502614530E+015  1.993201660482940E+015  1.996039852240900E+015
  2.004002327565850E+015  2.015738310255580E+015  2.021149232936150E+015
  2.028615425359870E+015  2.030787944251390E+015  2.043231609565180E+015
  2.050461090152450E+015  2.056052082212860E+015  2.060605895505270E+015
  2.063248780984540E+015  2.065836806242300E+015  2.068434361114620E+015
  2.068572750741500E+015  2.072585615371580E+015  2.078465982968380E+015
  2.082825372434430E+015  2.085795966713860E+015  2.086241866892180E+015
  2.086495370989570E+015  2.086515235661820E+015  2.086860160233150E+015
  2.087555999772670E+015  2.095325327425540E+015  2.098112836259330E+015
  2.100732223234050E+015  2.102232504318080E+015  2.105111073925930E+015
  2.110724689210370E+015  2.114752519753730E+015  2.118133497588990E+015
  2.120364129779710E+015  2.125711891302400E+015  2.127754987953860E+015
  2.138835089620990E+015  2.143845709119490E+015  2.146733315767300E+015
  2.148463030581310E+015  2.150040701455680E+015  2.154907775135740E+015
  2.155481703601120E+015  2.157265627242590E+015  2.163693528644460E+015
  2.165108635021430E+015  2.165987427064830E+015  2.166090217307980E+015
  2.167738370056900E+015  2.173326726002840E+015  2.176077491494780E+015
  2.177312259538940E+015  2.178629728447680E+015  2.178707775677950E+015
  2.178918787906430E+015  2.179053838663680E+015  2.181729578444130E+015
  2.183360805516700E+015  2.190468378392800E+015  2.194360654409730E+015
  2.203843082846210E+015  2.216396557647870E+015  2.218382269790330E+015
  2.218904350060770E+015  2.221113181079680E+015  2.227229054600760E+015
  2.228689267711870E+015  2.235939467533940E+015  2.238757651775490E+015
  2.239918927405060E+015  2.242708147953660E+015  2.244631314702590E+015
  2.248775154862140E+015  2.249792352970610E+015  2.251297226539170E+015
  2.251754142007300E+015  2.264089869156350E+015  2.268485185695420E+015
  2.271429090476030E+015  2.278457726398680E+015  2.287497986703360E+015
  2.292087519313920E+015  2.300072082811200E+015  2.311299568465340E+015
  2.315765634994180E+015  2.322294118191100E+015  2.322894733679610E+015
  2.322918004878520E+015  2.324181580112180E+015  2.325464914022140E+015
  2.328923053490180E+015  2.329046345294100E+015  2.329163174805500E+015
  2.329800490651650E+015  2.329911972999170E+015  2.329912867799990E+015
  2.329917517981180E+015  2.329985685848060E+015  2.330019174136510E+015
  2.330104431533570E+015  2.330106943299580E+015  2.330267530336770E+015
  2.330575114862590E+015  2.331601836965890E+015  2.332891200890560E+015
  2.334649821240490E+015  2.335397514686980E+015  2.335839251938300E+015
  2.337366348844060E+015  2.337375970557950E+015  2.340976831626060E+015
  2.346383569649660E+015  2.346451734528000E+015  2.346668279280000E+015
  2.346849905883260E+015  2.346858800762660E+015  2.346931480526850E+015
  2.347420050470910E+015  2.349687827627520E+015  2.350394429501440E+015
  2.354875118555140E+015  2.357375078831300E+015  2.362936959030900E+015
  2.366582931389120E+015  2.374756997005310E+015  2.381127325802270E+015
  2.389177919442940E+015  2.411452018524160E+015  2.425822996594690E+015
  2.429648993746940E+015  2.431276053299200E+015  2.436535023263740E+015
  2.436654895330710E+015  2.436676466097660E+015  2.436684004170050E+015
  2.436684978901630E+015  2.436739659977600E+015  2.437911695572990E+015
  2.438190973976580E+015  2.438209081433150E+015  2.438212380872700E+015
  2.438254934145100E+015  2.438293087940930E+015  2.438351867388610E+015
  2.438460472754690E+015  2.438531539337220E+015  2.438559995171970E+015
  2.438574531890140E+015  2.438591612374940E+015  2.438594311199900E+015
  2.438610965233660E+015  2.438636894846980E+015  2.438670223813920E+015
  2.438673783360060E+015  2.438673937481410E+015  2.438674342414340E+015
  2.438680348288690E+015  2.438694827917310E+015  2.440546370767420E+015
  2.440639045287420E+015  2.440647457571330E+015  2.440648587298300E+015
  2.440659116182950E+015  2.440901531009020E+015  2.441154067062780E+015
  2.441403723091970E+015  2.442154785099780E+015  2.448165115735230E+015
  2.452735952470020E+015  2.455867072663550E+015  2.463151055437820E+015
  2.467568121608130E+015  2.468594573643140E+015  2.469588479026180E+015
  2.472615608057860E+015  2.473107049644030E+015  2.473641254977540E+015
  2.484341665824770E+015  2.485206632869890E+015  2.485812780012160E+015
  2.487638852980740E+015  2.490175582831100E+015  2.492347387331350E+015
  2.495260278287530E+015  2.508944001990660E+015  2.512727971508100E+015
  2.531594357460990E+015  2.541798552092670E+015  2.544756537144830E+015
  2.549834102829060E+015  2.565112259410430E+015  2.575415637704700E+015
  2.578618900405250E+015  2.580437491836970E+015  2.583430006240980E+015
  2.587524490854400E+015  2.592001942603050E+015  2.599312231694340E+015
  2.606722086600700E+015  2.616345648693250E+015  2.620575256300480E+015
  2.626358881433600E+015  2.629339766574400E+015  2.630552715575300E+015
  2.635122761601260E+015  2.635443819773950E+015  2.635749026179170E+015
  2.638832103168450E+015  2.639944708875260E+015  2.642881246162510E+015
  2.643365800653550E+015  2.645222633590780E+015  2.645607096369190E+015
  2.647377255667260E+015  2.647481634266110E+015  2.649698432745470E+015
  2.650519743823870E+015  2.655409157665110E+015  2.672169383610300E+015
  2.685575674299580E+015  2.714344677282310E+015  2.733018398654460E+015
  2.747169913110530E+015  2.757743907463170E+015  2.762471908361150E+015
  2.765794201956580E+015  2.780563367002110E+015  2.789901487865860E+015
  2.798145406763010E+015  2.804585785633540E+015  2.812690937339390E+015
  2.816751321248060E+015  2.817824624156620E+015  2.823408148154620E+015
  2.830956961811900E+015  2.834010230751230E+015  2.837369880018940E+015
  2.840405659765060E+015  2.840492050740740E+015  2.846463436521470E+015
  2.847031734728390E+015  2.848446296804100E+015  2.852120689168380E+015
  2.857353710403580E+015  2.864381482015810E+015  2.866617944828260E+015
  2.866648632405460E+015  2.866651655328620E+015  2.867789300075520E+015
  2.871643134689280E+015  2.879657678471170E+015  2.901366077915140E+015
  2.907463456805630E+015  2.912109797048320E+015  2.946133271511040E+015
  2.972030474657790E+015  2.975927848697860E+015  2.982156371712260E+015
  2.983602208641020E+015  2.984393307979780E+015  2.987130138694140E+015
  2.990100778144260E+015  2.992260898656940E+015  3.005294442115010E+015
  3.007472187227460E+015  3.010396931510270E+015  3.013244241199170E+015
  3.021657129073540E+015  3.024340218252290E+015  3.024580791369730E+015
  3.038529827373060E+015  3.042842565935100E+015  3.051886364202970E+015
  3.066215501119330E+015  3.067771090886580E+015  3.070407853211650E+015
  3.072991492710400E+015  3.081156673994750E+015  3.088760036515840E+015
  3.093664218415100E+015  3.095365514199040E+015  3.096507001698660E+015
  3.099161722907100E+015  3.100829794402300E+015  3.101755836462980E+015
  3.102209118306300E+015  3.102228747763710E+015  3.105911755350020E+015
  3.112233107312320E+015  3.116083676432190E+015  3.117160729417150E+015
  3.117245304913920E+015  3.120307400172380E+015  3.132498314526720E+015
  3.137509504803840E+015  3.147869514440700E+015  3.155692276366240E+015
  3.162770627449790E+015  3.169346825715710E+015  3.169613645993660E+015
  3.172537960363060E+015  3.173495012933700E+015  3.174311230235140E+015
  3.176833073020930E+015  3.177586959345600E+015  3.182459537986740E+015
  3.183131482423810E+015  3.183691369349120E+015  3.187932675209730E+015
  3.193745873518460E+015  3.195191904616450E+015  3.195313084442620E+015
  3.196210197658620E+015  3.197286478366210E+015  3.199498948706300E+015
  3.200607580061700E+015  3.204484185579520E+015  3.208012535062530E+015
  3.210456137084930E+015  3.211300797321730E+015  3.211551007701030E+015
  3.211557602934780E+015  3.211703374168580E+015  3.214307134574590E+015
  3.219361487650820E+015  3.220779975565950E+015  3.220887196508160E+015
  3.220975027096960E+015  3.222129741950980E+015  3.223145259333860E+015
  3.232769155530750E+015  3.234916275191810E+015  3.241082733756420E+015
  3.246260788927490E+015  3.256647000522750E+015  3.262909949997570E+015
  3.263901594058750E+015  3.266074637586940E+015  3.267366134009860E+015
  3.271076924751870E+015  3.279216669662720E+015  3.282679531860480E+015
  3.292208142631300E+015  3.294605226371070E+015  3.295455964299260E+015
  3.297028698741420E+015  3.297099662753790E+015  3.303158433869820E+015
  3.310840587844510E+015  3.314724516125380E+015  3.318410239056000E+015
  3.320674214805500E+015  3.323855891402750E+015  3.323908825740290E+015
  3.325240010326020E+015  3.325945365332480E+015  3.327966744936450E+015
  3.328813246098940E+015  3.329656713379840E+015  3.333266308491980E+015
  3.334886052961280E+015  3.335320353668860E+015  3.336534485156540E+015
  3.339228229066750E+015  3.342886607220740E+015  3.343185926554500E+015
  3.344071404288900E+015  3.346324548396290E+015  3.352875771084420E+015
  3.355327700015150E+015  3.358680190616040E+015  3.364178737809410E+015
  3.368843766398980E+015  3.373652828714620E+015  3.374459543015420E+015
  3.377359286614020E+015  3.389446012621820E+015  3.401709640351740E+015
  3.416729725689020E+015  3.421903663905220E+015  3.423273592355840E+015
  3.424829637936640E+015  3.430845940924420E+015  3.431404693631870E+015
  3.433776779395070E+015  3.435526238321700E+015  3.438201920839550E+015
  3.438792686634260E+015  3.439746090073600E+015  3.450931127517180E+015
  3.460573700149760E+015  3.463187506322430E+015  3.464195487204820E+015
  3.465507629039620E+015  3.467799532797950E+015  3.474653058360970E+015
  3.478667409702080E+015  3.479586900599460E+015  3.481773889954530E+015
  3.489006009659390E+015  3.507039864864140E+015  3.513617157723740E+015
  3.523270373611390E+015  3.530100024803330E+015  3.542601684746240E+015
  3.544471453597180E+015  3.552215678746620E+015  3.558480330981380E+015
  3.573719897210880E+015  3.583335322353660E+015  3.604907227516320E+015
  3.610741161852930E+015  3.613343393267710E+015  3.615020734809660E+015
  3.615579530010620E+015  3.618232125554690E+015  3.622246622347260E+015
  3.636501146894340E+015  3.638654984043010E+015  3.647585464090620E+015
  3.655814271323140E+015  3.663130661870080E+015  3.663924025600830E+015
  3.664449239093250E+015  3.664895242411050E+015  3.667543588687870E+015
  3.668469402640000E+015  3.672504344068610E+015  3.674083055763460E+015
  3.685569521588100E+015  3.691479700602880E+015  3.706656333682420E+015
  3.716495281371980E+015  3.718692845338110E+015  3.718743061422080E+015
  3.718903387653760E+015  3.718949022138230E+015  3.718950341913090E+015
  3.720657926979580E+015  3.720784992289790E+015  3.722598266915820E+015
  3.723768217504640E+015  3.725525847936450E+015  3.726184593864540E+015
  3.729092158730240E+015  3.732497675059200E+015  3.738109183341330E+015
  3.741402523264000E+015  3.747293195927550E+015  3.748613755242300E+015
  3.749706239115260E+015  3.755641884726320E+015  3.763363607691260E+015
  3.770750107651750E+015  3.772063678654140E+015  3.772297635851780E+015
  3.773055730596010E+015  3.773402213152260E+015  3.773457671520260E+015
  3.773460315897860E+015  3.773568352116220E+015  3.777697845524230E+015
  3.779668496914000E+015  3.792423756467070E+015  3.794093401526270E+015
  3.805337219623420E+015  3.805785138622460E+015  3.807389554606080E+015
  3.816811306043060E+015  3.821179751211010E+015  3.830083982032900E+015
  3.831028073198440E+015  3.834157111554050E+015  3.839052155453440E+015
  3.842450138366980E+015  3.848625060807170E+015  3.853528805547520E+015
  3.858390135037950E+015  3.862948880571820E+015  3.866272728078340E+015
  3.867838689316110E+015  3.867934698483710E+015  3.868235901089730E+015
  3.869074645843970E+015  3.872383997909500E+015  3.876146529230850E+015
  3.877533552037180E+015  3.879832044162050E+015  3.881206767230980E+015
  3.881423933860350E+015  3.881931908507650E+015  3.883091936935940E+015
  3.887646836504060E+015  3.889830516060900E+015  3.891384071297540E+015
  3.897293062383620E+015  3.897569029915650E+015  3.901804943838410E+015
  3.903617002377200E+015  3.910088937114430E+015  3.918429105074180E+015
  3.924922361674710E+015  3.929317570510850E+015  3.941198958321660E+015
  3.942501239147840E+015  3.952003520921600E+015  3.955144120008700E+015
  3.958493491201020E+015  3.960304468633730E+015  3.960576533495810E+015
  3.962619934310400E+015  3.962959065978370E+015  3.964444504296320E+015
  3.968617152990190E+015  3.971826498618110E+015  3.974497911013380E+015
  3.974719036403390E+015  3.978403074015230E+015  3.981692592705600E+015
  3.982792260721660E+015  3.983925282773540E+015  3.986047766409220E+015
  3.991118575435780E+015  3.996029905534980E+015  3.997627880128510E+015
  3.997719171637250E+015  4.000527861393200E+015  4.001995917597760E+015
  4.003448233607770E+015  4.005046861266940E+015  4.008322541631220E+015
  4.014604518686720E+015  4.017213782831540E+015  4.017308730550670E+015
  4.017336994234370E+015  4.017893021621250E+015  4.019699287246340E+015
  4.024448629604350E+015  4.029437648687100E+015  4.044225211691520E+015
  4.046848315586560E+015  4.046869783307990E+015  4.046876448885640E+015
  4.046904137630210E+015  4.046972057431490E+015  4.047147064386180E+015
  4.047170542830080E+015  4.047178631603020E+015  4.047185254053890E+015
  4.047188645705280E+015  4.047469686512130E+015  4.049249369960450E+015
  4.049931889174900E+015  4.050438008131330E+015  4.057719440043580E+015
  4.060819372471870E+015  4.062579496916380E+015  4.063173256647170E+015
  4.065028856616960E+015  4.065429063544830E+015  4.067238663538430E+015
  4.067598662647200E+015  4.070510836857860E+015  4.076331692949500E+015
  4.079954378752000E+015  4.082816523923460E+015  4.093404986507260E+015
  4.094524840947200E+015  4.094606691918480E+015  4.095062247114750E+015
  4.095601902649340E+015  4.099635388809220E+015  4.107734609260540E+015
  4.112191070416900E+015  4.115601694473870E+015  4.116997072609280E+015
  4.120933038030850E+015  4.129185334867580E+015  4.137435781955580E+015
  4.138035918897150E+015  4.138815311336000E+015  4.141138969755650E+015
  4.144353375682560E+015  4.145331956187140E+015  4.148412392722430E+015
  4.151522560835580E+015  4.158181277014530E+015  4.165622824271870E+015
  4.169917740613630E+015  4.176718457700350E+015  4.191377302290430E+015
  4.198505313665020E+015  4.198635722137220E+015  4.198697401370110E+015
  4.198710062921280E+015  4.198721401366020E+015  4.198735717105660E+015
  4.199377109797590E+015  4.203811851141120E+015  4.204484712067580E+015
  4.204695725056000E+015  4.204921982025730E+015  4.205727503319040E+015
  4.206476359701820E+015  4.206550790856700E+015  4.206895074626560E+015
  4.207660460273980E+015  4.209571346972670E+015  4.209594485898430E+015
  4.210216729055740E+015  4.210679501484030E+015  4.211452419042880E+015
  4.212067922040830E+015  4.212311274038340E+015  4.212334868166460E+015
  4.212346842726400E+015  4.212608515440640E+015  4.212656424107070E+015
  4.212660463774600E+015  4.212661546939900E+015  4.212665122194560E+015
  4.212671771328510E+015  4.212673519648260E+015  4.212674821419380E+015
  4.212675435962370E+015  4.212676550357500E+015  4.212677807940610E+015
  4.212679363010240E+015  4.212683405270140E+015  4.212687443369470E+015
  4.212691043188740E+015  4.212703657335740E+015  4.212969789587460E+015
  4.213016959529980E+015  4.214497007615170E+015  4.214540505972740E+015
  4.215264276952530E+015  4.215309842251780E+015  4.216191330995840E+015
  4.221391532457980E+015  4.225219164768550E+015  4.236750602128490E+015
  4.241291015191300E+015  4.246808867289060E+015  4.255048963588100E+015
  4.256986757979140E+015  4.260693575176190E+015  4.271388480531390E+015
  4.277629078420670E+015  4.278059834093570E+015  4.284719666257920E+015
  4.292523430231230E+015  4.295100215799300E+015  4.302265043005760E+015
  4.305243192495620E+015  4.306898557861890E+015  4.307782752796670E+015
  4.310320897913860E+015  4.315457075544060E+015  4.316546210776830E+015
  4.316844344569860E+015  4.317621040751740E+015  4.318868789453820E+015
  4.322348611707070E+015  4.324178991673340E+015  4.326549570260030E+015
  4.344213568500480E+015  4.347426104041470E+015  4.354162266436670E+015
  4.359786010526080E+015  4.375996168064130E+015  4.380705208993500E+015
  4.386676727919230E+015  4.399010275932350E+015  4.403209817030660E+015
  4.408122960184320E+015  4.410083242147840E+015  4.411701226908670E+015
  4.413405542402560E+015  4.414110430453760E+015  4.418196019997700E+015
  4.423364650405510E+015  4.425606378815490E+015  4.441078161514960E+015
  4.449680777850880E+015  4.454324132118530E+015  4.470831699990530E+015
  4.480607479707650E+015  4.491628749176780E+015  4.494074061010820E+015
  4.498014124441600E+015  4.505392381952000E+015  4.518641344741380E+015
  4.523625658769920E+015  4.524913231632260E+015  4.530608933860060E+015
  4.534314455708670E+015  4.550062032674820E+015  4.551653209362430E+015
  4.561228359676930E+015  4.570873870962420E+015  4.575153653551100E+015
  4.577854320803840E+015  4.585846982049790E+015  4.595923715663360E+015
  4.605080063197180E+015  4.607759424946180E+015  4.613513626252420E+015
  4.626399456526340E+015  4.647111157153790E+015  4.662750640551710E+015
  4.667443448414940E+015  4.672855920047360E+015  4.678730694934420E+015
  4.679959051539030E+015  4.680043213979650E+015  4.681387134744180E+015
  4.681627028422660E+015  4.681984607106560E+015  4.683390874516480E+015
  4.683584695435260E+015  4.688242031230980E+015  4.697886799017980E+015
  4.707448468094340E+015  4.710551238209020E+015  4.710674753497620E+015
  4.710922525674070E+015  4.712238252133380E+015  4.712758522839040E+015
  4.714787712580740E+015  4.716087320936450E+015  4.717114834283260E+015
  4.718702029262850E+015  4.725175959435650E+015  4.729490164024830E+015
  4.732344401395710E+015  4.733431779348740E+015  4.737486282109890E+015
  4.747770325301250E+015  4.747817505663920E+015  4.748045731293180E+015
  4.748309313867780E+015  4.750119735856580E+015  4.752302628077570E+015
  4.752732408213630E+015  4.753116310631550E+015  4.757178269033420E+015
  4.763035121988290E+015  4.765454411434300E+015  4.770330225440000E+015
  4.770736889011710E+015  4.777131584070460E+015  4.777732946998360E+015
  4.779971872755380E+015  4.782076911220620E+015  4.782086905666690E+015
  4.782179657723390E+015  4.782192995226620E+015  4.782270898176770E+015
  4.783108398252030E+015  4.783934643944640E+015  4.786180593025020E+015
  4.788170257989630E+015  4.792328593793020E+015  4.795822017085440E+015
  4.798750832008900E+015  4.800353142571010E+015  4.809988190502910E+015
  4.816414643355650E+015  4.819250726801410E+015  4.822528535920320E+015
  4.822589816967170E+015  4.830380765773820E+015  4.833387529142270E+015
  4.837109697118210E+015  4.843229720808310E+015  4.846738671046980E+015
  4.847269844574210E+015  4.847329569603580E+015  4.847332502457180E+015
  4.850255697575940E+015  4.852151667307010E+015  4.852930066219010E+015
  4.858707269251840E+015  4.861650516901890E+015  4.865816809627760E+015
  4.866785751852540E+015  4.867115060467550E+015  4.869722796687360E+015
  4.878839882507780E+015  4.880026426950140E+015  4.885876595142080E+015
  4.895157853236670E+015  4.900898243353090E+015  4.904567179116540E+015
  4.910195919197160E+015  4.913848091180030E+015  4.916461059068350E+015
  4.917832292335620E+015  4.921457127849980E+015  4.921485180368380E+015
  4.921510343168510E+015  4.921920949321730E+015  4.922927220284930E+015
  4.928773899052030E+015  4.929955390993920E+015  4.937703217525250E+015
  4.938466753051650E+015  4.939580958601220E+015  4.940242977515840E+015
  4.947238591856640E+015  4.951147407720450E+015  4.956653560758270E+015
  4.961737522449880E+015  4.965908963783230E+015  4.971623174111230E+015
  4.972968231198000E+015  4.973339888920380E+015  4.975737704437250E+015
  4.977252597215740E+015  4.977436046250420E+015  4.977479696135170E+015
  4.978505574973440E+015  4.979771133246530E+015  4.983820803492860E+015
  4.984917764407300E+015  4.985807370575880E+015  4.989026774055230E+015
  4.998138474659840E+015  5.006039859093050E+015  5.012812816625660E+015
  5.018444191542020E+015  5.022421937751040E+015  5.028105405579260E+015
  5.029035582602690E+015  5.032910475857920E+015  5.033583824058300E+015
  5.034761559216130E+015  5.036368289415170E+015  5.038814640664640E+015
  5.049731114467330E+015  5.052042224738620E+015  5.055093678663360E+015
  5.055868359595260E+015  5.058998801760260E+015  5.062254279786500E+015
  5.065056194822140E+015  5.065174855245900E+015  5.067684041474560E+015
  5.069149637945790E+015  5.069184731012610E+015  5.075393460317980E+015
  5.080196897995260E+015  5.086521247760380E+015  5.091351286308860E+015
  5.094232434835460E+015  5.096820927430660E+015  5.099822838632450E+015
  5.122340736204800E+015  5.131965874405380E+015  5.138898152718340E+015
  5.140573161706050E+015  5.142025972613070E+015  5.142809109416010E+015
  5.142813115766970E+015  5.142906205897710E+015  5.142917299994620E+015
  5.144552758366910E+015  5.146379204689920E+015  5.149355264442370E+015
  5.153456832581120E+015  5.155641444376580E+015  5.159734112845820E+015
  5.165606133727230E+015  5.166573093643780E+015  5.168309390195780E+015
  5.171539159736320E+015  5.175496298475520E+015  5.177024390468100E+015
  5.187741378757180E+015  5.189865319407170E+015  5.190928122484220E+015
  5.191027724062720E+015  5.192354491274730E+015  5.193888816159100E+015
  5.194317785628670E+015  5.198162981772500E+015  5.199480857384960E+015
  5.201636954084290E+015  5.203001523326940E+015  5.205283874897920E+015
  5.211794180565890E+015  5.213536961429500E+015  5.213800855261730E+015
  5.214342480409800E+015  5.217542972137470E+015  5.220943202855940E+015
  5.224856243710130E+015  5.227933560361470E+015  5.228796617097220E+015
  5.232504075453640E+015  5.243961887513470E+015  5.249676687179780E+015
  5.256064180444160E+015  5.257403577663490E+015  5.260205590829060E+015
  5.260353893870050E+015  5.260392399874750E+015  5.261516152012800E+015
  5.262098471551590E+015  5.262398029299710E+015  5.265020769639420E+015
  5.265241178898430E+015  5.265262238609410E+015  5.266686803390460E+015
  5.267465454534720E+015  5.269472736575490E+015  5.270426650409340E+015
  5.271667633598460E+015  5.271709352430210E+015  5.272126495279100E+015
  5.274306339500160E+015  5.275310579253250E+015  5.276921206469310E+015
  5.279190402691780E+015  5.289103314525020E+015  5.308250167848960E+015
  5.327932835653500E+015  5.337114700251650E+015  5.340523632850140E+015
  5.344968971911170E+015  5.354119770763260E+015  5.368346837236290E+015
  5.370185257713660E+015  5.374109424586750E+015  5.378069671205120E+015
  5.380014863328260E+015  5.382229753782660E+015  5.382433356890720E+015
  5.387585977843710E+015  5.388987997123010E+015  5.393691643078940E+015
  5.396790004470910E+015  5.400444263719630E+015  5.403712028292940E+015
  5.412868974734850E+015  5.418676609119230E+015  5.430345931685890E+015
  5.440088459959490E+015  5.454607073411070E+015  5.458555115143170E+015
  5.462994291171990E+015  5.463307085610690E+015  5.463369798061550E+015
  5.464004931282300E+015  5.465786577771680E+015  5.466205779665080E+015
  5.469137999732740E+015  5.475497787288640E+015  5.478673968807940E+015
  5.487188918140930E+015  5.496645131681790E+015  5.508091134709820E+015
  5.510249563026570E+015  5.517599674836480E+015  5.536445775872000E+015
  5.537771464687620E+015  5.545142162502660E+015  5.563822023495810E+015
  5.573225343176700E+015  5.575829065910590E+015  5.578480467505790E+015
  5.580478006510590E+015  5.584008022609410E+015  5.588795160264700E+015
  5.599670974695420E+015  5.603837268197380E+015  5.615072924644950E+015
  5.624114595317260E+015  5.629019023003650E+015  5.637325813098110E+015
  5.644534629498370E+015  5.646708707545660E+015  5.650409355940990E+015
  5.651534769084930E+015  5.660404949680130E+015  5.675006064230400E+015
  5.676898130635780E+015  5.678494777998850E+015  5.681047346937860E+015
  5.683148544548740E+015  5.683440382088540E+015  5.684208765497340E+015
  5.685840081862140E+015  5.688215373779900E+015  5.689555982745600E+015
  5.690809621317630E+015  5.693498677208060E+015  5.696788150042450E+015
  5.702723744555010E+015  5.704692578271230E+015  5.704702231490100E+015
  5.705669220408650E+015  5.708168226443260E+015  5.708907052289030E+015
  5.708928644404800E+015  5.709276431703230E+015  5.709380363525060E+015
  5.712795079538180E+015  5.715651950239740E+015  5.717082755526660E+015
  5.719571541266430E+015  5.724251032862720E+015  5.725270535348340E+015
  5.725506552424190E+015  5.725554307228160E+015  5.725898441326590E+015
  5.726096787751850E+015  5.731349852647950E+015  5.743715591655170E+015
  5.751666354515970E+015  5.754973078064780E+015  5.756292080676990E+015
  5.761063456571270E+015  5.765503589871620E+015  5.771853970702340E+015
  5.772370681664000E+015  5.773187297659390E+015  5.783921556562620E+015
  5.788867499127300E+015  5.791093896820860E+015  5.795351075627010E+015
  5.797871016724990E+015  5.798804156753660E+015  5.799234077071680E+015
  5.802527333811180E+015  5.804006961053700E+015  5.810311336439940E+015
  5.818155407567360E+015  5.827516502458370E+015  5.839185380749820E+015
  5.852632463257600E+015  5.872159251496960E+015  5.885187613935550E+015
  5.886010282868740E+015  5.887957158637570E+015  5.893312359981180E+015
  5.896028759261180E+015  5.900507143777790E+015  5.900813182454140E+015
  5.900817321413950E+015  5.901058069221420E+015  5.901065935980540E+015
  5.902602738477890E+015  5.904312751616000E+015  5.906141530785280E+015
  5.906449547028990E+015  5.908512663654400E+015  5.910951192494080E+015
  5.913889486247230E+015  5.927532446613500E+015  5.932146718932990E+015
  5.940699107758900E+015  5.948052366190590E+015  5.953553247309820E+015
  5.962776806393860E+015  5.965016565121020E+015  5.967202564177920E+015
  5.971142674731010E+015  5.976638950211580E+015  5.990521757199570E+015
  5.994869089334270E+015  5.995251626384640E+015  5.997901558128640E+015
  5.999014719160320E+015  6.000780093186960E+015  6.001171354395650E+015
  6.011220181382560E+015  6.013056878510080E+015  6.013837121779710E+015
  6.014409396391940E+015  6.015601957658050E+015  6.017137586995200E+015
  6.018429035127230E+015  6.019990750394110E+015  6.023373200936320E+015
  6.024176160038910E+015  6.024825515528190E+015  6.024907522065800E+015
  6.026010257948670E+015  6.027617373369620E+015  6.031971982581760E+015
  6.031999369546750E+015  6.033948402245250E+015  6.041848766472190E+015
  6.048687713943550E+015  6.066379880312700E+015  6.070265799303680E+015
  6.078202065446260E+015  6.104626493652990E+015  6.114136857808900E+015
  6.118931396889090E+015  6.120110716075100E+015  6.121041621033090E+015
  6.134100961900870E+015  6.138550936403970E+015  6.143035865825280E+015
  6.149612447446020E+015  6.154207735485740E+015  6.175634587597940E+015
  6.188174912294910E+015  6.190587470151680E+015  6.192267050711040E+015
  6.194997863146690E+015  6.196418695117480E+015  6.196674430484480E+015
  6.197634935562330E+015  6.202346727044100E+015  6.209251087473660E+015
  6.211447003089220E+015  6.214155121467700E+015  6.219285453557120E+015
  6.222352262207940E+015  6.225941742014460E+015  6.229734020082180E+015
  6.232484060266500E+015  6.234547950477700E+015  6.235033528688640E+015
  6.238213528952830E+015  6.241196165363840E+015  6.244040075085580E+015
  6.247712209502340E+015  6.249305798466290E+015  6.253520357425150E+015
  6.255438896800640E+015  6.259819566071810E+015  6.261843940780220E+015
  6.263917054862500E+015  6.268766179698750E+015  6.272779894927810E+015
  6.273235572129670E+015  6.273792688927300E+015  6.275172552671230E+015
  6.275617687020540E+015  6.277287485489150E+015  6.280190941926630E+015
  6.284279800291330E+015  6.288532719796220E+015  6.312207315283970E+015
  6.334773467389950E+015  6.346823144833020E+015  6.352188831114750E+015
  6.353091941692540E+015  6.353445242516990E+015  6.357156912462140E+015
  6.359185792321020E+015  6.359489914220490E+015  6.359660723085310E+015
  6.359682656923650E+015  6.359800426130940E+015  6.362832815456960E+015
  6.367044382445570E+015  6.367052493564220E+015  6.367054475571780E+015
  6.367525966663680E+015  6.367720129593340E+015  6.370633053518180E+015
  6.370838543990780E+015  6.372362680998530E+015  6.379499123458050E+015
  6.389012718092290E+015  6.391496813166210E+015  6.391984885458920E+015
  6.394524642970690E+015  6.395744342097700E+015  6.396452072041980E+015
  6.398151156662270E+015  6.398375075696580E+015  6.398551942397950E+015
  6.400859159508990E+015  6.400878787746280E+015  6.400940911818500E+015
  6.401315308449790E+015  6.408401070325760E+015  6.411302380829250E+015
  6.424231494123520E+015  6.431383901007870E+015  6.434234991934340E+015
  6.443524730859520E+015  6.450695446246270E+015  6.454293792546820E+015
  6.459361194012670E+015  6.461277820748740E+015  6.463655486320640E+015
  6.469753146393290E+015  6.473368589115390E+015  6.473632534616060E+015
  6.476005722808920E+015  6.481134327758850E+015  6.482805111114060E+015
  6.482945474476350E+015  6.482979828186300E+015  6.483422259738940E+015
  6.483552005699070E+015  6.483623320981500E+015  6.483627933006330E+015
  6.483708050729980E+015  6.486340600479740E+015  6.487355265727160E+015
  6.492717448846340E+015  6.495755597138620E+015  6.496598295740420E+015
  6.496969643365440E+015  6.496988225469550E+015  6.499396718511360E+015
  6.501086467144320E+015  6.501884524265980E+015  6.503499456339970E+015
  6.506056724604740E+015  6.516066850841920E+015  6.519629384914690E+015
  6.521492717131040E+015  6.522720534238140E+015  6.522910855555220E+015
  6.523265854313470E+015  6.525461158589440E+015  6.531849257067710E+015
  6.534827096244220E+015  6.535544225046530E+015  6.537139332285950E+015
  6.537399420240380E+015  6.537917424691580E+015  6.543293546095620E+015
  6.546350003719940E+015  6.547439706177540E+015  6.548127812435970E+015
  6.552824562614270E+015  6.552864211140610E+015  6.552867579077120E+015
  6.560791680633900E+015  6.563199039442900E+015  6.568872911261060E+015
  6.573736853303340E+015  6.575420383084540E+015  6.577325142667260E+015
  6.577523985245120E+015  6.577568673056770E+015  6.577581179142140E+015
  6.577665216282620E+015  6.577703995316740E+015  6.577777683431420E+015
  6.577781198019860E+015  6.577782070522430E+015  6.578311899210940E+015
  6.579073467449340E+015  6.580092202074110E+015  6.583956258663510E+015
  6.586581446689730E+015  6.596154901724670E+015  6.599784722857980E+015
  6.611545465217020E+015  6.614077673046020E+015  6.617239578275840E+015
  6.629999232788480E+015  6.631078070339740E+015  6.638384584491010E+015
  6.649175447889950E+015  6.653986133245950E+015  6.660783516782590E+015
  6.665585425451520E+015  6.669277503180800E+015  6.671588713602180E+015
  6.671691779801090E+015  6.671784752025600E+015  6.671836664291170E+015
  6.677140892011300E+015  6.679936262438910E+015  6.680405388994980E+015
  6.680413500518400E+015  6.681729463300420E+015  6.686702304567300E+015
  6.689656111857660E+015  6.692312194730960E+015  6.694374039937470E+015
  6.695343317565310E+015  6.697869438623370E+015  6.697951068601660E+015
  6.706967594139650E+015  6.708492633546750E+015  6.709988946841600E+015
  6.715925609831420E+015  6.720338223534080E+015  6.724647273037820E+015
  6.727954982608900E+015  6.730589518528510E+015  6.732471446742780E+015
  6.732673826490370E+015  6.733554404367040E+015  6.740187736735740E+015
  6.741685160479940E+015  6.742050123646050E+015  6.743033355042820E+015
  6.749356531939710E+015  6.751712710322970E+015  6.754688036003980E+015
  6.759437746179070E+015  6.760006336980010E+015  6.760036728713220E+015
  6.760240355810220E+015  6.761433856884740E+015  6.768908064063490E+015
  6.784897866388740E+015  6.791332910979070E+015  6.804249437839680E+015
  6.812906455465980E+015  6.829923690157220E+015  6.843688617508860E+015
  6.848583485064690E+015  6.853554732744700E+015  6.858413449726980E+015
  6.858426250642560E+015  6.862091949488130E+015  6.862164998194690E+015
  6.863933315902140E+015  6.864091494912060E+015  6.864122193854460E+015
  6.864523159543810E+015  6.867077188269180E+015  6.870799860162750E+015
  6.875808198781380E+015  6.877809175473660E+015  6.885216214457980E+015
  6.889199385767420E+015  6.893865221053120E+015  6.900502253614420E+015
  6.900785847081230E+015  6.902482103184540E+015  6.902647356199940E+015
  6.905340146529280E+015  6.908625829756930E+015  6.914098750894080E+015
  6.915061780592640E+015  6.917097414016190E+015  6.917471035872510E+015
  6.919724530024450E+015  6.929503321924610E+015  6.939467948490750E+015
  6.943308001574910E+015  6.952484218863620E+015  6.956111901302780E+015
  6.959334988382210E+015  6.962469465697180E+015  6.966677585068030E+015
  6.975092241479870E+015  6.980477036462080E+015  6.992299642352130E+015
  7.008254487401100E+015  7.030130169876040E+015  7.040794338703660E+015
  7.045372239473150E+015  7.046321213997060E+015  7.046799052902400E+015
  7.052171280277500E+015  7.055422007944380E+015  7.057128689311680E+015
  7.060928406382670E+015  7.063236027060670E+015  7.074017165786110E+015
  7.076702619234300E+015  7.078422661869570E+015  7.081939905576960E+015
  7.091505931287040E+015  7.096448401047550E+015  7.100827054055420E+015
  7.102658217246720E+015  7.111138189773540E+015  7.115997928784380E+015
  7.119396120329220E+015  7.123853851169520E+015  7.128161928584700E+015
  7.132875071422460E+015  7.154260778729470E+015  7.165964320604160E+015
  7.177705495241410E+015  7.182465341489150E+015  7.186856001423360E+015
  7.192783531864060E+015  7.196168395286530E+015  7.199469612343940E+015
  7.199902746551420E+015  7.203729185895740E+015  7.206814360272900E+015
  7.211969836625920E+015  7.219671947702270E+015  7.221217587532590E+015
  7.228635079547390E+015  7.233820261537220E+015  7.242821308141310E+015
  7.250900917613360E+015  7.256037075399720E+015  7.264221913350140E+015
  7.270572093341700E+015  7.276998892414490E+015  7.278134447865860E+015
  7.280349898109950E+015  7.280428140134400E+015  7.286323014533120E+015
  7.295144469140420E+015  7.304107926043520E+015  7.316457776062460E+015
  7.328339255410690E+015  7.331185744338940E+015  7.335347264479230E+015
  7.344426957668690E+015  7.354052941313020E+015  7.359785668235260E+015
  7.360245664567090E+015  7.361044920401920E+015  7.363106502868990E+015
  7.371468218203290E+015  7.371692169652740E+015  7.371785250748860E+015
  7.372257521763330E+015  7.373030467116800E+015  7.374871560673600E+015
  7.374881065312900E+015  7.375004215055360E+015  7.380707392081920E+015
  7.381182833144450E+015  7.382775548513180E+015  7.385758498500610E+015
  7.388206781357290E+015  7.399750237577220E+015  7.401927543920000E+015
  7.409344044866180E+015  7.415902560718850E+015  7.428801625257600E+015
  7.434308608395710E+015  7.436234494640130E+015  7.437078726976670E+015
  7.442705191796740E+015  7.445809527110460E+015  7.447799820721540E+015
  7.451465362923520E+015  7.455543548444670E+015  7.468136096506530E+015
  7.472235772804100E+015  7.472939009753920E+015  7.475811726360580E+015
  7.478637446717440E+015  7.481724365772660E+015  7.485612675334140E+015
  7.488174233466370E+015  7.491216409298940E+015  7.492651215703300E+015
  7.495178730714400E+015  7.497224236187650E+015  7.498272350404610E+015
  7.499915284737430E+015  7.508677347771200E+015  7.509002857969050E+015
  7.510970463407360E+015  7.512746392717570E+015  7.515005609826180E+015
  7.525155108437820E+015  7.525573741694980E+015  7.526538094280190E+015
  7.526665957638140E+015  7.532373666168830E+015  7.533393021862400E+015
  7.533421721518240E+015  7.533763413206530E+015  7.533770693951490E+015
  7.534176698769420E+015  7.535999441026430E+015  7.549144175610300E+015
  7.556192256098300E+015  7.557930105438210E+015  7.561820030584640E+015
  7.566503419875330E+015  7.567188813446480E+015  7.569419271284740E+015
  7.569443919495170E+015  7.571816660336640E+015  7.580847500069590E+015
  7.588103996321790E+015  7.591030745756670E+015  7.598029295419390E+015
  7.607971315253250E+015  7.614124616279490E+015  7.616894296112640E+015
  7.617636981292990E+015  7.619569364968640E+015  7.622074735688520E+015
  7.628145129684990E+015  7.638028145131520E+015  7.640360445513730E+015
  7.640483076852220E+015  7.641677129343320E+015  7.642188777902590E+015
  7.643698015764480E+015  7.644238070132030E+015  7.644420658954240E+015
  7.646039544774370E+015  7.650434474937860E+015  7.656666715193340E+015
  7.662403285417980E+015  7.663936373284800E+015  7.665375497703420E+015
  7.666515124564870E+015  7.670441032871940E+015  7.671302900470590E+015
  7.683737067475970E+015  7.698618406448580E+015  7.706872692690940E+015
  7.717855149948930E+015  7.720637273210880E+015  7.721983373420540E+015
  7.722593794031620E+015  7.736094453923840E+015  7.741949759193090E+015
  7.745879960190980E+015  7.750296849370620E+015  7.752242076931710E+015
  7.754802690195460E+015  7.757072568019010E+015  7.762251414243960E+015
  7.766474491920380E+015  7.769576099082240E+015  7.779367016480770E+015
  7.788338765627390E+015  7.794155399675900E+015  7.802739421478910E+015
  7.817514221004670E+015  7.824058062209020E+015  7.834807017627230E+015
  7.839421558912700E+015  7.840313761889090E+015  7.849408676024320E+015
  7.850820971870660E+015  7.858240083865790E+015  7.863164203297540E+015
  7.864254845001590E+015  7.865484731094660E+015  7.869111544675330E+015
  7.870514770636190E+015  7.871455986823170E+015  7.873670014894060E+015
  7.876357229338020E+015  7.883956325084860E+015  7.889482239888880E+015
  7.891271693843460E+015  7.891924591996930E+015  7.894223938878590E+015
  7.898960332718080E+015  7.902912417529860E+015  7.906923490508800E+015
  7.913665276605500E+015  7.915435834736640E+015  7.922584785455180E+015
  7.927852331304900E+015  7.934343860852740E+015  7.939668515102720E+015
  7.940949065195520E+015  7.943237955762110E+015  7.944215892073340E+015
  7.944842438918050E+015  7.946908713189380E+015  7.947098644182020E+015
  7.947186340995070E+015  7.948085238465700E+015  7.962426044612610E+015
  7.975292599721680E+015  7.984376110715390E+015  8.000728326383620E+015
  8.008144321904640E+015  8.010813627170940E+015  8.012935294599660E+015
  8.015438080376830E+015  8.016075353658620E+015  8.019328094068740E+015
  8.022888734793340E+015  8.030377644236220E+015  8.034312199710210E+015
  8.038990201716740E+015  8.044091457119740E+015  8.054974471757380E+015
  8.083557519982590E+015  8.093735987118080E+015  8.098996457308160E+015
  8.122116162977790E+015  8.133987646832640E+015  8.141221195460860E+015
  8.144542337696260E+015  8.145584060070910E+015  8.171089813450410E+015
  8.195544869849730E+015  8.203020098589630E+015  8.205137355035770E+015
  8.206659800563710E+015  8.208174803255300E+015  8.213729462365700E+015
  8.217259286097920E+015  8.225191252140030E+015  8.225846371348480E+015
  8.228966315119940E+015  8.230639567625090E+015  8.237720181805500E+015
  8.240963946166270E+015  8.243913345346940E+015  8.245732586168450E+015
  8.251489710473220E+015  8.254380439764990E+015  8.265143204057090E+015
  8.267958827089920E+015  8.271602451991300E+015  8.277929940796850E+015
  8.300600930213120E+015  8.303036382445570E+015  8.303063196119550E+015
  8.322422100983810E+015  8.340691509632580E+015  8.344224511685700E+015
  8.348257221083140E+015  8.356280222987780E+015  8.359512576028800E+015
  8.362759801012220E+015  8.364255122092030E+015  8.372808116205500E+015
  8.381044396341940E+015  8.385044508606460E+015  8.387793297809410E+015
  8.390640752132100E+015  8.390684250607620E+015  8.390839345741820E+015
  8.392720924370380E+015  8.398847913673740E+015  8.400540379922430E+015
  8.403222514753540E+015  8.405532170149380E+015  8.410503151517180E+015
  8.437757964959740E+015  8.454522512382460E+015  8.456466535843330E+015
  8.462662136332290E+015  8.467347680139260E+015  8.469201287099900E+015
  8.470422410929660E+015  8.472481974187780E+015  8.472687216660930E+015
  8.475877406703620E+015  8.478683557406700E+015  8.489760641777660E+015
  8.493880641323010E+015  8.496135647186940E+015  8.498856420900860E+015
  8.504814800350660E+015  8.510201027624580E+015  8.515735541649420E+015
  8.516291416019040E+015  8.516351152562180E+015  8.517968587028480E+015
  8.521091572318210E+015  8.525284909108740E+015  8.529869823279100E+015
  8.540117012316160E+015  8.547761423843020E+015  8.548024696566400E+015
  8.548112525131200E+015  8.549667921184020E+015  8.551815885119490E+015
  8.557497305258500E+015  8.562072957133060E+015  8.571265238196220E+015
  8.575358339203070E+015  8.579999588679680E+015  8.589438299947870E+015
  8.592258583871490E+015  8.597129490574340E+015  8.611215506362250E+015
  8.618281325481980E+015  8.630651663028740E+015  8.632474306867200E+015
  8.632916224114690E+015  8.634432019496960E+015  8.643409710086530E+015
  8.649529525171140E+015  8.675482589233150E+015  8.700636805955580E+015
  8.704814848593220E+015  8.712993164587010E+015  8.714799730580600E+015
  8.724324836875080E+015  8.726402689925120E+015  8.727428791923320E+015
  8.739871744622590E+015  8.742033073950720E+015  8.745203662278660E+015
  8.752302758050820E+015  8.755498108122120E+015  8.758237747850540E+015
  8.767283606650880E+015  8.771806203535360E+015  8.777711047495680E+015
  8.781699691315200E+015  8.785543213005570E+015  8.786134249095170E+015
  8.786914814989820E+015  8.790177031024640E+015  8.792412374392830E+015
  8.795455487885310E+015  8.803145669272300E+015  8.804057027104900E+015
  8.804064998248450E+015  8.805305041383420E+015  8.805427756236800E+015
  8.805953118048920E+015  8.806754388518100E+015  8.809400310993390E+015
  8.809469689469440E+015  8.810644758444030E+015  8.811288691419200E+015
  8.811762790614380E+015  8.811839887408640E+015  8.813295514850570E+015
  8.814937771425860E+015  8.818375680368380E+015  8.823043525017600E+015
  8.823367129744900E+015  8.825358602807960E+015  8.829691836235780E+015
  8.859587767697410E+015  8.866769383064320E+015  8.866842471892610E+015
  8.866871352208580E+015  8.867414179666430E+015  8.867475186063420E+015
  8.867475685302270E+015  8.867483536588800E+015  8.867760355213310E+015
  8.869966685431190E+015  8.870787765239810E+015  8.872471901663070E+015
  8.882561578897410E+015  8.885834798646590E+015  8.889073601484800E+015
  8.891605417066500E+015  8.897018843615490E+015  8.900460373093980E+015
  8.908591419693960E+015  8.913596878684160E+015  8.929777714250430E+015
  8.933050227761150E+015  8.938890555523070E+015  8.939225320005090E+015
  8.940981051195390E+015  8.941286290073280E+015  8.941999189721090E+015
  8.943649644510590E+015  8.944613025193980E+015  8.945281302648920E+015
  8.947318324899460E+015  8.952934097747970E+015  8.956432043868160E+015
  8.961795117718530E+015  8.963242545392450E+015  8.968391807821500E+015
  8.973497699146240E+015  8.973577995166400E+015  8.974185534016120E+015
  8.976495067248150E+015  8.985196290015230E+015  8.989479259865090E+015
  8.993265266491390E+015  9.003034491444860E+015  9.004883259421720E+015
  9.005072248147020E+015  9.005706627756030E+015  9.008729653515950E+015
  9.008866025021440E+015  9.009886235051520E+015  9.015144681502720E+015
  9.022646736650240E+015  9.024599137905660E+015  9.033045399347200E+015
  9.034769690525700E+015  9.037733091171970E+015  9.038368428394300E+015
  9.038430813101570E+015  9.040180642578430E+015  9.040449497258500E+015
  9.040459892785150E+015  9.043595605688000E+015  9.045840099598340E+015
  9.046441263628290E+015  9.049787971113470E+015  9.054912696182180E+015
  9.055835460993020E+015  9.058948282864700E+015  9.060809978971650E+015
  9.062779648622590E+015  9.064844881559550E+015  9.072446653071360E+015
  9.075209792137900E+015  9.076824267193660E+015  9.078080793803780E+015
  9.080451130081280E+015  9.092112434767100E+015  9.099360373477380E+015
  9.104312829262340E+015  9.110182229324990E+015  9.114369130496000E+015
  9.119424236283390E+015  9.120334358401640E+015  9.125765538086910E+015
  9.129275397249150E+015  9.129849049925520E+015  9.132155761590270E+015
  9.135176380621720E+015  9.138386604453890E+015  9.138685586727670E+015
  9.140312670060540E+015  9.140424833121280E+015  9.145287615885310E+015
  9.154468740653060E+015  9.159077963579020E+015  9.164352306718210E+015
  9.171760501653500E+015  9.173459898466300E+015  9.175962344686590E+015
  9.182278510280700E+015  9.186530550087680E+015  9.196669881589760E+015
  9.198473323633020E+015  9.202093624902140E+015  9.216126644640770E+015
  9.217778951127040E+015  9.222653750068740E+015  9.238406391285910E+015
  9.241813975144130E+015  9.248208357209090E+015  9.256075446864060E+015
  9.260828342101890E+015  9.272857357975550E+015  9.276090796852220E+015
  9.278715846393020E+015  9.282659532873730E+015  9.292753897690430E+015
  9.295645473536760E+015  9.302267698318980E+015  9.304909285723710E+015
  9.312327326811970E+015  9.317939636533760E+015  9.326042575718660E+015
  9.327057747709270E+015  9.327934879676420E+015  9.332696060395010E+015
  9.343150912809410E+015  9.362947730046980E+015  9.377538087374850E+015
  9.379905124958210E+015  9.382966788869310E+015  9.390941882529280E+015
  9.395621293359100E+015  9.402701209403390E+015  9.405802465914370E+015
  9.410373949308200E+015  9.416446773821440E+015  9.419236968946690E+015
  9.425319594262530E+015  9.428124454645760E+015  9.429313750073340E+015
  9.436685622837250E+015  9.446597683781380E+015  9.449813602787330E+015
  9.452542785253380E+015  9.463207905984510E+015  9.467179894689790E+015
  9.469560723180220E+015  9.475642806009860E+015  9.481435131936770E+015
  9.489621391867330E+015  9.494871502523390E+015  9.500467561136130E+015
  9.520190071032510E+015  9.528659794713490E+015  9.534173066352320E+015
  9.537860469533570E+015  9.540570553324220E+015  9.545390380783700E+015
  9.551187277005570E+015  9.560704374484990E+015  9.580146530280960E+015
  9.586235012159740E+015  9.594296083129860E+015  9.604140552421380E+015
  9.607285302322690E+015  9.632265444061180E+015  9.659679239152640E+015
  9.676988412497920E+015  9.680457180904400E+015  9.683744845075460E+015
  9.689469717603010E+015  9.690803943885060E+015  9.690862771760700E+015
  9.691339635873920E+015  9.695167575764480E+015  9.697278408523780E+015
  9.704913147709290E+015  9.708133624410110E+015  9.722858744435330E+015
  9.724737245050750E+015  9.732716134009980E+015  9.743218119802880E+015
  9.756246490652670E+015  9.763131700205100E+015  9.773595612272340E+015
  9.781110637592580E+015  9.782648549692420E+015  9.782880874516480E+015
  9.783006859993860E+015  9.783060903424130E+015  9.783328612298240E+015
  9.783336273745410E+015  9.783961737756670E+015  9.794012783668500E+015
  9.797964981714510E+015  9.799677163927040E+015  9.800102780566530E+015
  9.802432068155650E+015  9.807362802057220E+015  9.807846963511250E+015
  9.809657946107970E+015  9.813204568944130E+015  9.814219421941760E+015
  9.816127022869500E+015  9.822033380409340E+015  9.825348898783230E+015
  9.833976315485660E+015  9.852880530825220E+015  9.858800554663940E+015
  9.862998989078530E+015  9.867830461988860E+015  9.875864546260540E+015
  9.879118985657820E+015  9.883237361429440E+015  9.889931358896180E+015
  9.893212806618620E+015  9.906974425219070E+015  9.912976959074110E+015
  9.917856261208320E+015  9.921733640865790E+015  9.925239133416450E+015
  9.930798314325030E+015  9.931921635147780E+015  9.933574963675140E+015
  9.935113794540290E+015  9.945825275198720E+015  9.948808175947780E+015
  9.954686312790020E+015  9.966822405177340E+015  9.974608526222520E+015
  9.982451823390720E+015  1.000135451731920E+016  1.000493949266790E+016
  1.000501553364170E+016  1.000558933819490E+016  1.000801269308660E+016
  1.000945106152600E+016  1.001426223258010E+016  1.001639662452740E+016
  1.001843248545790E+016  1.002031630490010E+016  1.002125968782050E+016
  1.002646433474150E+016  1.002894660888770E+016  1.003519959891970E+016
  1.003846014989930E+016  1.003972885456490E+016  1.004228254180100E+016
  1.004386742654110E+016  1.004886145233720E+016  1.005099574447310E+016
  1.005675308143720E+016  1.006013678797410E+016  1.007014541560770E+016
  1.007893067001350E+016  1.008905750447330E+016  1.009204519444070E+016
  1.009488072417800E+016  1.009885776969730E+016  1.010537574811970E+016
  1.010717480020430E+016  1.010893937122100E+016  1.011769259458560E+016
  1.012225837461660E+016  1.012643045631640E+016  1.012909682199760E+016
  1.013132833201360E+016  1.013301789227830E+016  1.013535066931200E+016
  1.013620742208130E+016  1.013691280347140E+016  1.014202200531880E+016
  1.014423544971540E+016  1.015321350651830E+016  1.015954695227150E+016
  1.016699540501300E+016  1.016875970531540E+016  1.016940436298160E+016
  1.017269307030460E+016  1.017271560963030E+016  1.017374862135390E+016
  1.017664409753120E+016  1.017852102656820E+016  1.018017722198940E+016
  1.018115486631560E+016  1.018591005927010E+016  1.018672491790340E+016
  1.018783778371580E+016  1.018805970841600E+016  1.019111911030280E+016
  1.019135822643870E+016  1.019136281201200E+016  1.019184858424950E+016
  1.019282064526540E+016  1.019289558471070E+016  1.019491842766030E+016
  1.019962999533150E+016  1.019967794932010E+016  1.019975845415860E+016
  1.019997277227540E+016  1.020274154810790E+016  1.020542488367130E+016
  1.020561934118840E+016  1.020583411110660E+016  1.020791461817520E+016
  1.020918619291030E+016  1.021472987640880E+016  1.022825233609010E+016
  1.023974069863680E+016  1.024518087040970E+016  1.024708894962480E+016
  1.025375838788110E+016  1.025462181008680E+016  1.025492744349360E+016
  1.025670323508020E+016  1.025784109203460E+016  1.025786730149490E+016
  1.025812267514470E+016  1.026232506688970E+016  1.026233209304680E+016
  1.026234474918830E+016  1.026248685476250E+016  1.026288683351370E+016
  1.026407102906380E+016  1.026424497148720E+016  1.027175796615230E+016
  1.027803858966940E+016  1.028522729401270E+016  1.028711979079270E+016
  1.029247278355840E+016  1.029613343174350E+016  1.029670402847250E+016
  1.029786079582620E+016  1.030523059394560E+016  1.031427040057750E+016
  1.031910465208320E+016  1.032390635982550E+016  1.032811820799000E+016
  1.032948149276670E+016  1.033063333334220E+016  1.033149730375270E+016
  1.033651194266940E+016  1.034063323420620E+016  1.034472594728330E+016
  1.035510947974350E+016  1.035523880653300E+016  1.035526321875810E+016
  1.035688492835640E+016  1.036160656864310E+016  1.036812929384550E+016
  1.037480445829120E+016  1.038612752576260E+016  1.039108534258890E+016
  1.040344588432180E+016  1.040832133688080E+016  1.041902979757630E+016
  1.042204405950050E+016  1.042381002102520E+016  1.042422725990040E+016
  1.042520480206030E+016  1.042851669743770E+016  1.043136485669890E+016
  1.043244336902660E+016  1.043412856514150E+016  1.043606566897720E+016
  1.043653305970590E+016  1.044009288545080E+016  1.044301190850120E+016
  1.044776654643610E+016  1.045277468062690E+016  1.046217091553690E+016
  1.046658023609140E+016  1.047373149455970E+016  1.048210322598570E+016
  1.048699663756080E+016  1.049127928057860E+016  1.049335127594470E+016
  1.050211415469410E+016  1.050585497961270E+016  1.051599154037150E+016
  1.052105783890830E+016  1.052218295728890E+016  1.052356748802760E+016
  1.052645262783160E+016  1.052661167504040E+016  1.052810277563910E+016
  1.052957134929580E+016  1.053176196139010E+016  1.053485650041240E+016
  1.053911419646010E+016  1.054533051427830E+016  1.054828405394410E+016
  1.055304351355380E+016  1.056119921070080E+016  1.056703828217700E+016
  1.057040945547330E+016  1.057821902435120E+016  1.058091043059780E+016
  1.058270226119120E+016  1.058363142695070E+016  1.060661588341560E+016
  1.063057585732810E+016  1.063149991441200E+016  1.065233549282190E+016
  1.065441057483640E+016  1.065474495422870E+016  1.065658122103000E+016
  1.065961070405220E+016  1.066927022957850E+016  1.067235157351210E+016
  1.068060331002790E+016  1.068874530325090E+016  1.069595700530940E+016
  1.070523923238090E+016  1.071010556739030E+016  1.071635631145110E+016
  1.072775402211330E+016  1.074007452984960E+016  1.075163455206600E+016
  1.077264182638130E+016  1.078291189000070E+016  1.078654094271620E+016
  1.079379213523350E+016  1.080190658926590E+016  1.080827762856860E+016
  1.081370563151760E+016  1.082544973765020E+016  1.082948778741090E+016
  1.083056248714040E+016  1.083999605286500E+016  1.084576404403560E+016
  1.084943789637630E+016  1.085422576661100E+016  1.085938063795400E+016
  1.087086253299050E+016  1.087265001614050E+016  1.087310801426840E+016
  1.087438373691390E+016  1.088586630692860E+016  1.088611182411070E+016
  1.088667696313140E+016  1.088737082186140E+016  1.090540330090500E+016
  1.090924449444660E+016  1.092678003693980E+016  1.094287962721480E+016
  1.095156649216870E+016  1.095480843002050E+016  1.095792696205230E+016
  1.095954726431030E+016  1.096542887922890E+016  1.096707757608140E+016
  1.097305298486890E+016  1.097932421680100E+016  1.098242217435030E+016
  1.098574241097320E+016  1.098743049581360E+016  1.099004189498980E+016
  1.099869546102430E+016  1.100328432819300E+016  1.100418518509160E+016
  1.100665185942530E+016  1.101329850885730E+016  1.102010631562850E+016
  1.102735399371350E+016  1.103480548433980E+016  1.103990291244240E+016
  1.104837556705690E+016  1.105971129014480E+016  1.106879949405940E+016
  1.107676573261820E+016  1.108767675778120E+016  1.109283912225700E+016
  1.109688345184710E+016  1.110345736222620E+016  1.111485802961310E+016
  1.112131809424180E+016  1.112834365026590E+016  1.113027827954000E+016
  1.113169320069530E+016  1.113532914257100E+016  1.114137748337250E+016
  1.114467877449470E+016  1.114658473528340E+016  1.115145596533100E+016
  1.116261365874280E+016  1.117030571631000E+016  1.117865376900710E+016
  1.118760679650150E+016  1.120232938380260E+016  1.120469890743500E+016
  1.120697129673500E+016  1.121048841943460E+016  1.121254216429700E+016
  1.122216599883370E+016  1.122550094768330E+016  1.123947992370380E+016
  1.125194402957150E+016  1.127014430281070E+016  1.127573429724620E+016
  1.128819019502640E+016  1.129314307752550E+016  1.131428480735640E+016
  1.132567604107260E+016  1.133046568216170E+016  1.134583767462500E+016
  1.134769011322880E+016  1.135161840361010E+016  1.136071219492450E+016
  1.136354419068110E+016  1.137187764302640E+016  1.137688244859700E+016
  1.138665137058870E+016  1.139195041675860E+016  1.139583342262270E+016
  1.140721442916350E+016  1.140992449598590E+016  1.141825392522440E+016
  1.142694799169950E+016  1.143352243282890E+016  1.144228182386280E+016
  1.145202129348200E+016  1.146874825726330E+016  1.147938476657870E+016
  1.148579917958140E+016  1.148812473626960E+016  1.149048400084880E+016
  1.149208707673700E+016  1.150460333172190E+016  1.151194084474420E+016
  1.152619079276320E+016  1.152890105255940E+016  1.153319337092710E+016
  1.154053918985420E+016  1.154434721169950E+016  1.154664892436150E+016
  1.155629795819490E+016  1.156623554220440E+016  1.157239345080970E+016
  1.157715307423330E+016  1.158350161854460E+016  1.158583571311430E+016
  1.158814283900110E+016  1.159500299135390E+016  1.159556873867020E+016
  1.159585846795880E+016  1.159886788030000E+016  1.160181837437340E+016
  1.160821735053840E+016  1.161091252842260E+016  1.161366479028550E+016
  1.162215089381090E+016  1.162391698939080E+016  1.162659678757270E+016
  1.162931682849890E+016  1.163322700175770E+016  1.163616611015270E+016
  1.163640451439390E+016  1.163723462866760E+016  1.164243595427840E+016
  1.165181929228080E+016  1.165663909943710E+016  1.166303023638120E+016
  1.167401662388630E+016  1.168796256482730E+016  1.171495925031320E+016
  1.172929077474100E+016  1.175449882617610E+016  1.177388681535900E+016
  1.177960878812850E+016  1.178174709472460E+016  1.178695203244490E+016
  1.180352626548040E+016  1.182493610472240E+016  1.185317476158670E+016
  1.186630783208240E+016  1.187513601492380E+016  1.187967769520170E+016
  1.188526405103500E+016  1.190479675520510E+016  1.192137842597480E+016
  1.195391632251290E+016  1.196410201476300E+016  1.196864676585470E+016
  1.197857352980450E+016  1.198325942486730E+016  1.198520617380700E+016
  1.198593592265440E+016  1.199048627753510E+016  1.199162352143560E+016
  1.199727532861850E+016  1.199966830354480E+016  1.201501678974960E+016
  1.203157344801180E+016  1.203768179158890E+016  1.204946765060510E+016
  1.206082753016170E+016  1.207230514361910E+016  1.208355707131570E+016
  1.209344854818820E+016  1.209582265423350E+016  1.209704706784460E+016
  1.209783403500810E+016  1.209918315522460E+016  1.210372296330440E+016
  1.211718002359910E+016  1.213243097460330E+016  1.213426196166300E+016
  1.213477416107210E+016  1.213669221039870E+016  1.213681573026000E+016
  1.213921307021770E+016  1.214227576535040E+016  1.214575458585740E+016
  1.214581531736320E+016  1.214622515129840E+016  1.214658618997630E+016
  1.214906272930200E+016  1.215242374799530E+016  1.215609847204310E+016
  1.215861701741490E+016  1.216060596697250E+016  1.216473056359220E+016
  1.217203079342850E+016  1.218279096005430E+016  1.219267337892140E+016
  1.219628351404100E+016  1.220970395332080E+016  1.221723582313270E+016
  1.223398760787970E+016  1.225200057792100E+016  1.226091786903810E+016
  1.226260753238730E+016  1.227024719590200E+016  1.228017700449890E+016
  1.228846405933720E+016  1.229373868643890E+016  1.229788205665480E+016
  1.230104808561050E+016  1.231058995453950E+016  1.231519064172270E+016
  1.231953218033750E+016  1.232020652750950E+016  1.232506961912060E+016
  1.233758753755280E+016  1.234236204986110E+016  1.234245216061420E+016
  1.234404222344360E+016  1.235035820356300E+016  1.235220224478870E+016
  1.235574237839360E+016  1.235840873478550E+016  1.235921481229770E+016
  1.236930292179760E+016  1.237725915307670E+016  1.238607334944820E+016
  1.240285745098440E+016  1.241459618784870E+016  1.242308243275370E+016
  1.243223687517450E+016  1.243327846755800E+016  1.243719282248910E+016
  1.244100021945920E+016  1.244546667971430E+016  1.245437106238260E+016
  1.245606856654440E+016  1.245764717973710E+016  1.245949196703150E+016
  1.246321403552610E+016  1.246406939532490E+016  1.246665192658820E+016
  1.247076242843240E+016  1.247209110174770E+016  1.247227019893150E+016
  1.247267083551410E+016  1.247758815319240E+016  1.248343072705180E+016
  1.248798184988410E+016  1.248976775586990E+016  1.248994951355240E+016
  1.249144126244390E+016  1.249356991273370E+016  1.249841133236380E+016
  1.250194206647910E+016  1.250631640008710E+016  1.250690171839750E+016
  1.251393588219080E+016  1.251765619756290E+016  1.251856176857500E+016
  1.252267281594750E+016  1.253328402335740E+016  1.253625295044970E+016
  1.254891095532400E+016  1.255005406643510E+016  1.255102147985410E+016
  1.255185809553580E+016  1.255307986946110E+016  1.255490078952650E+016
  1.256256102288640E+016  1.257998868419380E+016  1.260540186643660E+016
  1.261352209575630E+016  1.261731980143000E+016  1.262753179910140E+016
  1.263638058143720E+016  1.265676097631030E+016  1.266082451868880E+016
  1.266424079382680E+016  1.267002851827710E+016  1.267315164666680E+016
  1.267503024082330E+016  1.267512207641910E+016  1.267578933276350E+016
  1.267872304443780E+016  1.267891031688970E+016  1.268060014821480E+016
  1.268359837603790E+016  1.271252821101880E+016  1.272136663444670E+016
  1.273936367914190E+016  1.275167829606120E+016  1.275590402838430E+016
  1.275768436215810E+016  1.276342466399730E+016  1.276627753686910E+016
  1.276882410327240E+016  1.277137532144840E+016  1.279233246717540E+016
  1.279519743383960E+016  1.280168064057340E+016  1.280919227954720E+016
  1.280996157423620E+016  1.282032180163920E+016  1.282292044125540E+016
  1.282701031322420E+016  1.283038358954800E+016  1.283605454800740E+016
  1.283789454285210E+016  1.284016249768350E+016  1.284060332726320E+016
  1.284282225865520E+016  1.284881611764700E+016  1.285647780332750E+016
  1.286034548190410E+016  1.287335744635510E+016  1.288067232877770E+016
  1.289188541749730E+016  1.289234840512560E+016  1.289775894723280E+016
  1.290449396770810E+016  1.290766595158840E+016  1.290894403202910E+016
  1.290935638419380E+016  1.291026433015500E+016  1.291282336507960E+016
  1.291735830942920E+016  1.292045114264010E+016  1.292111768738230E+016
  1.292229964898690E+016  1.292447522516580E+016  1.292502602207330E+016
  1.292846403313600E+016  1.293135332808430E+016  1.293548745157560E+016
  1.294031666205290E+016  1.294838079981820E+016  1.294873467125660E+016
  1.295160020985860E+016  1.295539990645590E+016  1.295550647929210E+016
  1.295814852043980E+016  1.295950279751570E+016  1.295974705633690E+016
  1.296332907345100E+016  1.296420308891260E+016  1.296420647070670E+016
  1.296426966170010E+016  1.296451006706480E+016  1.296546158093930E+016
  1.296745298940050E+016  1.296763406545920E+016  1.296961748701100E+016
  1.296962544750590E+016  1.297097801765050E+016  1.297101904633880E+016
  1.297115138374530E+016  1.297132016729290E+016  1.297151401215300E+016
  1.297276981964700E+016  1.297358734628410E+016  1.297361671014940E+016
  1.297474596490840E+016  1.297862789289160E+016  1.297994169081450E+016
  1.298301194915020E+016  1.299437688590870E+016  1.300220864992130E+016
  1.300676741095060E+016  1.301658684123600E+016  1.302390630188390E+016
  1.302478551919820E+016  1.302573352563510E+016  1.302846723370960E+016
  1.302920318697470E+016  1.303262002020350E+016  1.303467497998820E+016
  1.303901019399780E+016  1.304187559493410E+016  1.304262874576690E+016
  1.304266661786370E+016  1.304270837743270E+016  1.304421730985830E+016
  1.304609756225620E+016  1.304733307945770E+016  1.305228264079360E+016
  1.305829887816230E+016  1.306389571700870E+016  1.307244337843400E+016
  1.307455720972900E+016  1.307463340543100E+016  1.307580184082710E+016
  1.307591352502480E+016  1.307635832193290E+016  1.307641882619080E+016
  1.307642086921360E+016  1.307656119796650E+016  1.307657142805300E+016
  1.307663070032690E+016  1.307767544623920E+016  1.307875213636710E+016
  1.308024373896810E+016  1.308112686483050E+016  1.308171047190170E+016
  1.308456451617380E+016  1.308810642848630E+016  1.308955140292610E+016
  1.309217910445360E+016  1.309377479984230E+016  1.309898024342780E+016
  1.310455508258050E+016  1.311347123788190E+016  1.312272137637070E+016
  1.312963452437610E+016  1.313418356824470E+016  1.314720249106660E+016
  1.314735925945960E+016  1.315272258158300E+016  1.315495357116800E+016
  1.315978596064450E+016  1.316009739514680E+016  1.316146999881020E+016
  1.316403746576790E+016  1.317245417422850E+016  1.317509130102370E+016
  1.317694822652310E+016  1.318289086484480E+016  1.318959350736950E+016
  1.319177902904520E+016  1.319195540315710E+016  1.319196845699890E+016
  1.319211891477300E+016  1.319473257752920E+016  1.319484274839460E+016
  1.319486437575500E+016  1.319676828436280E+016  1.320637619759480E+016
  1.320745664532480E+016  1.320786137459560E+016  1.320884435815630E+016
  1.321298814084620E+016  1.321486481909350E+016  1.321644656708810E+016
  1.322487291020430E+016  1.323151198005790E+016  1.323283954201400E+016
  1.323289185195680E+016  1.323289316111330E+016  1.323758818244910E+016
  1.323789409088200E+016  1.323809055326120E+016  1.323811433613080E+016
  1.324300320532070E+016  1.324416328384560E+016  1.324701442653170E+016
  1.325356625717080E+016  1.325782629870620E+016  1.326271028163120E+016
  1.326549107815630E+016  1.326700914383260E+016  1.327328341973400E+016
  1.327643154908080E+016  1.328401328404890E+016  1.329433883462380E+016
  1.329539281317890E+016  1.329709763523630E+016  1.329782740248170E+016
  1.329951132352510E+016  1.330237414849540E+016  1.330629344201930E+016
  1.330988869807310E+016  1.331356665446400E+016  1.332672892107060E+016
  1.333521078550530E+016  1.334117183255240E+016  1.335286131502850E+016
  1.336513385082250E+016  1.337557496590340E+016  1.339133421734940E+016
  1.339359275534540E+016  1.340058946843440E+016  1.340702206820680E+016
  1.341457387618510E+016  1.341718555325320E+016  1.341720241132520E+016
  1.341747717889890E+016  1.342164358188240E+016  1.342490550888040E+016
  1.342850923681590E+016  1.343152416240440E+016  1.343611394111490E+016
  1.343850570003170E+016  1.343922184753740E+016  1.344020643174200E+016
  1.344046558341870E+016  1.344206316712760E+016  1.344295234993820E+016
  1.344553557101770E+016  1.344789453938230E+016  1.344990827118160E+016
  1.345370288704390E+016  1.345524027414120E+016  1.345834831956430E+016
  1.345986875615490E+016  1.346504299809480E+016  1.347023185474600E+016
  1.347417405103720E+016  1.348063986202160E+016  1.348482186647140E+016
  1.349519642466710E+016  1.350679926983880E+016  1.352191611686090E+016
  1.353746522604950E+016  1.354817350559330E+016  1.356637210515870E+016
  1.357504840201520E+016  1.358150771159860E+016  1.358386608004310E+016
  1.358441685346250E+016  1.358712715450780E+016  1.358768370836120E+016
  1.358772031354210E+016  1.358772360157180E+016  1.358937782745500E+016
  1.358956137965160E+016  1.359255090268260E+016  1.359664667011890E+016
  1.360018042914880E+016  1.361053272362900E+016  1.361484367056080E+016
  1.361779298759480E+016  1.361909323995550E+016  1.362372539283870E+016
  1.362680616052330E+016  1.362750204866110E+016  1.362835842049640E+016
  1.363347711652660E+016  1.363629329921640E+016  1.363878619123990E+016
  1.364057873448960E+016  1.365097831787110E+016  1.365830538992030E+016
  1.366763515371070E+016  1.368274076129690E+016  1.369168804315140E+016
  1.369341568144140E+016  1.369816736466160E+016  1.370597451808770E+016
  1.371316841942220E+016  1.371538881929220E+016  1.371548529590270E+016
  1.371573988932770E+016  1.371574616187080E+016  1.371609763106000E+016
  1.371777179733200E+016  1.372143531695530E+016  1.372380218287720E+016
  1.372677574746790E+016  1.372806456865590E+016  1.373310693129030E+016
  1.373522879361840E+016  1.373615937473740E+016  1.374327353458690E+016
  1.375291208553160E+016  1.375502404547380E+016  1.375847169764150E+016
  1.376605063174550E+016  1.376652983979210E+016  1.376860795541910E+016
  1.377009008908580E+016  1.377202613286090E+016  1.377421616323390E+016
  1.377707797100380E+016  1.377798785094500E+016  1.377926783850500E+016
  1.377997954548780E+016  1.378038954013490E+016  1.379550904195800E+016
  1.379950172896140E+016  1.380343038205340E+016  1.382019500083430E+016
  1.383777743535680E+016  1.384456926191190E+016  1.384844348328870E+016
  1.385183304733240E+016  1.386262152360450E+016  1.386380593984990E+016
  1.387295976713010E+016  1.387450355968110E+016  1.387769375556540E+016
  1.387884776679010E+016  1.388189220581160E+016  1.389803688801550E+016
  1.390663998779110E+016  1.391059135724960E+016  1.391263612890830E+016
  1.391810357021900E+016  1.392345170514740E+016  1.392985991659900E+016
  1.393400218884850E+016  1.393587196107160E+016  1.393604395008000E+016
  1.394019317005340E+016  1.394249975128880E+016  1.394255157090360E+016
  1.394261533349940E+016  1.394271120101400E+016  1.394271229630360E+016
  1.394273138925110E+016  1.394273939438290E+016  1.394275519102380E+016
  1.394276696733400E+016  1.394307592726120E+016  1.394534556611340E+016
  1.394851839992240E+016  1.395221844905160E+016  1.395859136328500E+016
  1.396007928459230E+016  1.396107514206620E+016  1.396203349018190E+016
  1.396541568582810E+016  1.396571879828900E+016  1.396915095868160E+016
  1.397125101890000E+016  1.397388925206530E+016  1.398212747703090E+016
  1.398616850038780E+016  1.399236124501610E+016  1.399278517734350E+016
  1.399459630429130E+016  1.399568060590080E+016  1.399887970435070E+016
  1.401132098256900E+016  1.401643349212620E+016  1.402875852890000E+016
  1.403633690682200E+016  1.403903003276120E+016  1.404223552918460E+016
  1.404855855129400E+016  1.405214542044310E+016  1.405569715871740E+016
  1.405661712389680E+016  1.406073732831640E+016  1.406258232051330E+016
  1.406292291384170E+016  1.406442790244570E+016  1.406993381757640E+016
  1.407559754402000E+016  1.408397051885160E+016  1.408792117353830E+016
  1.410748350269390E+016  1.412365965030200E+016  1.414906066459030E+016
  1.416290800107520E+016  1.416835658488400E+016  1.417340538508240E+016
  1.418201119863280E+016  1.418536623911840E+016  1.418701116643740E+016
  1.419221869217630E+016  1.420661073195830E+016  1.422060906433130E+016
  1.422559688943400E+016  1.423051737836370E+016  1.423678986698140E+016
  1.423826798496660E+016  1.423940118710490E+016  1.424386348860830E+016
  1.425546185049290E+016  1.426088020567650E+016  1.426349705029220E+016
  1.427011525454690E+016  1.429633108964400E+016  1.430329925776180E+016
  1.431017949092970E+016  1.431612567301760E+016  1.432368887610370E+016
  1.433770201147190E+016  1.434316145363300E+016  1.434435086284390E+016
  1.434660285841420E+016  1.434850082542680E+016  1.434879902730650E+016
  1.434881433456290E+016  1.434909400085300E+016  1.434910887775390E+016
  1.435065195272600E+016  1.435626353478410E+016  1.437290059320520E+016
  1.437930169346120E+016  1.438443577239290E+016  1.439478478209430E+016
  1.440408679215110E+016  1.441846267094320E+016  1.443132726050820E+016
  1.444628134378320E+016  1.445231163367340E+016  1.445432596378420E+016
  1.445559972382720E+016  1.446131148416610E+016  1.446555183644610E+016
  1.446576391865860E+016  1.446692464535340E+016  1.446793974834790E+016
  1.446938914902530E+016  1.447067793542350E+016  1.447741279646520E+016
  1.448164101455870E+016  1.448971439964160E+016  1.449155686980400E+016
  1.449242562787780E+016  1.449292766091670E+016  1.449605512982940E+016
  1.449982899453960E+016  1.450080990717540E+016  1.450706714050520E+016
  1.451010702379970E+016  1.451071956461020E+016  1.452506125450140E+016
  1.453849523662440E+016  1.454854649780630E+016  1.455419237651250E+016
  1.455650921022670E+016  1.455770179864990E+016  1.455947246222410E+016
  1.456707774602010E+016  1.457452821586740E+016  1.458153661136900E+016
  1.459860548153920E+016  1.460537566495830E+016  1.461613060797240E+016
  1.462901789194040E+016  1.464541029125320E+016  1.465098900150480E+016
  1.465746673512240E+016  1.466275985308160E+016  1.467180098826700E+016
  1.467651586915230E+016  1.467871353369010E+016  1.468220878182810E+016
  1.468224074098550E+016  1.468267496621670E+016  1.468286701499240E+016
  1.468287311449290E+016  1.468351076994250E+016  1.468488632929910E+016
  1.468563056843160E+016  1.469551985812350E+016  1.469975669361110E+016
  1.471105062021570E+016  1.472018099240960E+016  1.473183808592280E+016
  1.473555106837300E+016  1.474773652439300E+016  1.474885736509620E+016
  1.476880824526910E+016  1.477103043749680E+016  1.477274664854320E+016
  1.477343672485890E+016  1.477679840156720E+016  1.477991777106330E+016
  1.478232844507550E+016  1.478602648956270E+016  1.479368788053200E+016
  1.481197710475260E+016  1.481972690132990E+016  1.482284927605150E+016
  1.483091867742430E+016  1.483691133605480E+016  1.483851091371620E+016
  1.484270775109780E+016  1.484529137584930E+016  1.484600620135650E+016
  1.484791283591910E+016  1.484955564181960E+016  1.485011758242610E+016
  1.485386775611390E+016  1.485723289527090E+016  1.485827257224280E+016
  1.486166452924040E+016  1.486549083245380E+016  1.487001611989810E+016
  1.487547235112550E+016  1.487571144107480E+016  1.487573621587970E+016
  1.487735052671390E+016  1.487865088742200E+016  1.488314433348660E+016
  1.488744746371480E+016  1.489650498243380E+016  1.489962448217290E+016
  1.489975450299140E+016  1.491323396287290E+016  1.493757624398640E+016
  1.495104166615120E+016  1.495586364884630E+016  1.495747800248460E+016
  1.496056326739150E+016  1.496923434362060E+016  1.497258271801750E+016
  1.497527686371940E+016  1.497994115779790E+016  1.498094007785880E+016
  1.498385736446900E+016  1.498938257257270E+016  1.499014857234590E+016
  1.499238885758310E+016  1.499817536205620E+016  1.500152006974850E+016
  1.500566702401540E+016  1.501173721376770E+016  1.502068560666210E+016
  1.502180200900710E+016  1.502337865869720E+016  1.502710554077180E+016
  1.503211251819740E+016  1.503513186116860E+016  1.503784543634900E+016
  1.503831903442120E+016  1.503834565478450E+016  1.503854931361500E+016
  1.503968953473430E+016  1.507656677344870E+016  1.509349976220270E+016
  1.510577679443560E+016  1.511157239878790E+016  1.511758038710180E+016
  1.512230417234330E+016  1.513204389144170E+016  1.513604429142990E+016
  1.514007730223050E+016  1.514461253896030E+016  1.515400630323040E+016
  1.515811591355420E+016  1.515995784277200E+016  1.516389977895730E+016
  1.517425073309700E+016  1.520047990482530E+016  1.520988972387950E+016
  1.521251059815320E+016  1.521482068728220E+016  1.522386735202300E+016
  1.523496711839530E+016  1.523900696891210E+016  1.524655765967920E+016
  1.525499364917850E+016  1.526608788144340E+016  1.527529986120680E+016
  1.527969404459460E+016  1.528686718851480E+016  1.529516472844290E+016
  1.529802130137910E+016  1.532280684570210E+016  1.532563946477110E+016
  1.532920694397800E+016  1.533102327541890E+016  1.533573019448700E+016
  1.534424318262680E+016  1.534621261566310E+016  1.535385054294050E+016
  1.536947295734680E+016  1.537742338300720E+016  1.538977254624050E+016
  1.540011661990710E+016  1.541207043728630E+016  1.541815016432150E+016
  1.542418403481220E+016  1.542824122961100E+016  1.543857766848020E+016
  1.544431874661420E+016  1.544967477118870E+016  1.546344895167690E+016
  1.546786913596040E+016  1.547647157597310E+016  1.547677072927690E+016
  1.547752078757070E+016  1.548061969707830E+016  1.548066370320380E+016
  1.548102068517460E+016  1.548103405660600E+016  1.548103627242800E+016
  1.548125314763620E+016  1.548132707693360E+016  1.548176152241410E+016
  1.548314867249420E+016  1.548322233476790E+016  1.548416146913290E+016
  1.548533625201050E+016  1.549048122110090E+016  1.549326239757360E+016
  1.549538646582890E+016  1.549544199891150E+016  1.549547132079310E+016
  1.549594356951670E+016  1.550113325029790E+016  1.550808515500440E+016
  1.551222739157250E+016  1.551373608132200E+016  1.551494955438490E+016
  1.551668978466070E+016  1.551824395670660E+016  1.551977772677530E+016
  1.552208075916190E+016  1.552796022818820E+016  1.553439973058300E+016
  1.554479411382610E+016  1.555380393595750E+016  1.555707004839070E+016
  1.555894742553860E+016  1.556190309690340E+016  1.556674862426320E+016
  1.556845488807040E+016  1.557058864042800E+016  1.557704249830820E+016
  1.558112268870410E+016  1.558576336384820E+016  1.559027644952740E+016
  1.559592272859240E+016  1.559849426713650E+016  1.559969709272480E+016
  1.560490834183330E+016  1.560900287305200E+016  1.560990934764830E+016
  1.561239615252890E+016  1.561910799791240E+016  1.562949510473320E+016
  1.563695385595600E+016  1.564374454094750E+016  1.565002403221370E+016
  1.565498239019420E+016  1.565692497408820E+016  1.565974722512540E+016
  1.566325768959180E+016  1.566693458284540E+016  1.567721873980280E+016
  1.568120358193890E+016  1.568676831795850E+016  1.569054772953090E+016
  1.569386627439000E+016  1.569506154282560E+016  1.569736665159270E+016
  1.569859314213680E+016  1.570671574751640E+016  1.570866672573780E+016
  1.571028262251060E+016  1.571274408463970E+016  1.572446146386200E+016
  1.572459603123200E+016  1.572637815516060E+016  1.573181179979370E+016
  1.573821484105730E+016  1.574330496762520E+016  1.574695166905550E+016
  1.575297005063680E+016  1.575807768390960E+016  1.576312815814180E+016
  1.576456536909970E+016  1.576476590863880E+016  1.576854963839280E+016
  1.577397015223960E+016  1.577905293405130E+016  1.578657868986370E+016
  1.579143335011940E+016  1.579561448038680E+016  1.579584653578990E+016
  1.579678504668620E+016  1.579740273891740E+016  1.580010500310500E+016
  1.580411497280920E+016  1.581038285098070E+016  1.581482310625570E+016
  1.581822990275150E+016  1.582264610136050E+016  1.582436665560300E+016
  1.582519558760040E+016  1.582658514259150E+016  1.583109256301770E+016
  1.583618752775240E+016  1.584603608593200E+016  1.585100121446810E+016
  1.585403455950790E+016  1.587167117263110E+016  1.587394984513540E+016
  1.587737882928580E+016  1.588059522465790E+016  1.588352500777680E+016
  1.589342801400720E+016  1.589708942976140E+016  1.590411407489470E+016
  1.590552254579510E+016  1.590632520797390E+016  1.590820129463030E+016
  1.590977967271270E+016  1.591007085412350E+016  1.591127519875150E+016
  1.591205910379730E+016  1.591540812056800E+016  1.591727914225250E+016
  1.591988088338020E+016  1.592021765610090E+016  1.592051483374390E+016
  1.592202910590160E+016  1.592278871900160E+016  1.592319369659390E+016
  1.592494390215490E+016  1.592600504705020E+016  1.592793288188210E+016
  1.593036750327720E+016  1.593188267471740E+016  1.593556890404710E+016
  1.593748981090550E+016  1.594072270035680E+016  1.594316753022310E+016
  1.594744584200190E+016  1.595671604199970E+016  1.595737144819710E+016
  1.595805474892490E+016  1.595949684306740E+016  1.596019312003690E+016
  1.596501004444210E+016  1.596558087975320E+016  1.596751793534500E+016
  1.597075306416390E+016  1.597089699554300E+016  1.597159104170160E+016
  1.597534734182300E+016  1.598072780749900E+016  1.598074234964530E+016
  1.598260704017410E+016  1.598398687990770E+016  1.598431937403290E+016
  1.598467711292210E+016  1.598536025752480E+016  1.598537457734890E+016
  1.598563534504760E+016  1.598691473423180E+016  1.599129827499620E+016
  1.599829230967910E+016  1.600172167031670E+016  1.600557936847670E+016
  1.601895403691620E+016  1.602210705611160E+016  1.602813335257450E+016
  1.602910511861820E+016  1.603269211274850E+016  1.603318506547870E+016
  1.603318637576340E+016  1.603321032838350E+016  1.603385504318570E+016
  1.603703128641130E+016  1.603809858119550E+016  1.604061300243610E+016
  1.604444086922800E+016  1.604622886323100E+016  1.604811041711720E+016
  1.605562451885670E+016  1.606501447850940E+016  1.606701743882240E+016
  1.607735857878170E+016  1.608339492926260E+016  1.608362487106760E+016
  1.608368572076410E+016  1.608491040957810E+016  1.608778640220620E+016
  1.609266237328590E+016  1.610883195173500E+016  1.612243443143800E+016
  1.613376436881870E+016  1.613615580243970E+016  1.613694297383910E+016
  1.613839082933450E+016  1.613948208572010E+016  1.614552252130300E+016
  1.614741494502550E+016  1.615813280373150E+016  1.616458686477110E+016
  1.617617642182600E+016  1.618582733207870E+016  1.618759782639210E+016
  1.618780109971640E+016  1.618798487966500E+016  1.618801556524240E+016
  1.619036329613720E+016  1.619141254866530E+016  1.619206059164670E+016
  1.619485086325450E+016  1.619614878737630E+016  1.619730470558670E+016
  1.620023127714440E+016  1.620085557229980E+016  1.620108202509570E+016
  1.620223323209740E+016  1.620731721744440E+016  1.621398924566820E+016
  1.621826047786510E+016  1.621969307664280E+016  1.622209199900670E+016
  1.622509622185160E+016  1.622765032869170E+016  1.623997800382460E+016
  1.624218433202220E+016  1.624639110362460E+016  1.625013656308030E+016
  1.625062438151280E+016  1.625186541302580E+016  1.625417229331010E+016
  1.625639001255260E+016  1.625671239663620E+016  1.625877880583370E+016
  1.625880103841280E+016  1.625897919239170E+016  1.625900856171330E+016
  1.626106771272500E+016  1.626293771301680E+016  1.626341176770560E+016
  1.626868450149990E+016  1.628165458438770E+016  1.628241841014170E+016
  1.628484177482550E+016  1.628935347659590E+016  1.629520184952420E+016
  1.630045337516460E+016  1.630396590957720E+016  1.631462687879070E+016
  1.631812688562180E+016  1.632422632387380E+016  1.633068177041480E+016
  1.633820954381520E+016  1.634179936218680E+016  1.634972765405450E+016
  1.635670137202280E+016  1.635931259304240E+016  1.636106940869990E+016
  1.636139850286340E+016  1.636331491464460E+016  1.636672889677090E+016
  1.637447861957430E+016  1.637854891011690E+016  1.638052834174220E+016
  1.638109999537790E+016  1.638160155462860E+016  1.638349317551600E+016
  1.638797733750370E+016  1.638965774755430E+016  1.639119528863300E+016
  1.639252324013670E+016  1.639431440414930E+016  1.639490768776190E+016
  1.639494428677270E+016  1.639516567012560E+016  1.639517880011420E+016
  1.639554529365200E+016  1.639667846496260E+016  1.639700086770890E+016
  1.639879289077760E+016  1.640370630951100E+016  1.641025033714540E+016
  1.641070438659480E+016  1.641074565581720E+016  1.641074635357800E+016
  1.641426113424590E+016  1.642045667251710E+016  1.642895746791580E+016
  1.642995761250470E+016  1.643112877468450E+016  1.643427016829750E+016
  1.644306717789390E+016  1.644569502417890E+016  1.645597975576170E+016
  1.645925432679220E+016  1.646631558158750E+016  1.647369846695620E+016
  1.647763386587080E+016  1.647939246774680E+016  1.648973295481140E+016
  1.650666447545650E+016  1.651093358695070E+016  1.651266091981240E+016
  1.651415349592100E+016  1.651903422550070E+016  1.652257606808450E+016
  1.652658768209510E+016  1.653840417782170E+016  1.654412072530740E+016
  1.655278883425480E+016  1.655705088174030E+016  1.656123593543490E+016
  1.657116895958270E+016  1.657715757292110E+016  1.657966506082640E+016
  1.658173391678040E+016  1.658305382571070E+016  1.658607994496610E+016
  1.659657924709450E+016  1.659819624339870E+016  1.660170583801860E+016
  1.660522246857110E+016  1.661652150042580E+016  1.662417119163190E+016
  1.663577126923390E+016  1.663795583019010E+016  1.664197757041460E+016
  1.664227599836770E+016  1.664756929965310E+016  1.664901474483150E+016
  1.666886864889450E+016  1.667533288999980E+016  1.668128503088000E+016
  1.668924019887310E+016  1.669872500938340E+016  1.670833050392990E+016
  1.671242835116030E+016  1.671489282452280E+016  1.672268654271920E+016
  1.672706454643270E+016  1.673109895643140E+016  1.673506748499390E+016
  1.673931673515620E+016  1.674167595302910E+016  1.674240576743010E+016
  1.674281697959270E+016  1.674284211421180E+016  1.674449276004350E+016
  1.675319778207330E+016  1.675488201998440E+016  1.675818146776170E+016
  1.675956489326230E+016  1.677177173584090E+016  1.677337599568810E+016
  1.677601384912540E+016  1.677619055977960E+016  1.677718642071960E+016
  1.679153812208840E+016  1.679204855991520E+016  1.679295588342840E+016
  1.679462476582720E+016  1.679625523995030E+016  1.679708668948630E+016
  1.680343388421320E+016  1.681063815600540E+016  1.682622183510020E+016
  1.684780403916800E+016  1.686296609218560E+016  1.686648507461580E+016
  1.687268883431420E+016  1.688389153970590E+016  1.688687362878460E+016
  1.688860342299110E+016  1.689132935025870E+016  1.689836173323880E+016
  1.690813478780570E+016  1.691189000160990E+016  1.691369877661300E+016
  1.691575878113280E+016  1.692708788450100E+016  1.693186001854050E+016
  1.693538674166990E+016  1.694054962685640E+016  1.694703607727160E+016
  1.695184543966820E+016  1.695940643487740E+016  1.697721044067940E+016
  1.698518954986700E+016  1.698708612768360E+016  1.698797211692790E+016
  1.699155647150720E+016  1.700081370922060E+016  1.700739060248820E+016
  1.701445750406180E+016  1.702401613889540E+016  1.703182749296230E+016
  1.704192296505860E+016  1.704603453822820E+016  1.704816443264610E+016
  1.705705886816670E+016  1.706173546679500E+016  1.706898740582810E+016
  1.707225147673500E+016  1.707550406730050E+016  1.707787701620780E+016
  1.708016468045820E+016  1.708380136773220E+016  1.708818410793370E+016
  1.709151031973750E+016  1.709576306321160E+016  1.709772755984180E+016
  1.710024054990950E+016  1.710190060625570E+016  1.710350751122410E+016
  1.710593026198730E+016  1.710836016037890E+016  1.711078945872030E+016
  1.711498507325180E+016  1.711920058603520E+016  1.712305806140260E+016
  1.713164274522520E+016  1.713529697694520E+016  1.713759034802180E+016
  1.713860351245750E+016  1.713998607581180E+016  1.714187812712960E+016
  1.714274395913250E+016  1.714354448276680E+016  1.714496960104330E+016
  1.714533081160090E+016  1.714762735366960E+016  1.715255834452560E+016
  1.715570601911910E+016  1.715946882977380E+016  1.716024638343820E+016
  1.716204904356250E+016  1.717259410060190E+016  1.717445003496650E+016
  1.718349406501580E+016  1.718551531438080E+016  1.718901105518180E+016
  1.719828783400550E+016  1.720137491076200E+016  1.720453811990940E+016
  1.720782373769360E+016  1.721025307968050E+016  1.721609793873560E+016
  1.721717526698290E+016  1.721883784455230E+016  1.722376986765060E+016
  1.722578061990300E+016  1.723391366781340E+016  1.723819887125610E+016
  1.724540350878900E+016  1.725090862628860E+016  1.725420521075510E+016
  1.725727959733860E+016  1.725732836972950E+016  1.725871166740350E+016
  1.726296391415990E+016  1.726336091485390E+016  1.726443320215710E+016
  1.726720883923350E+016  1.726909273682740E+016  1.727766122838430E+016
  1.728093321903260E+016  1.728412667757220E+016  1.729384840565560E+016
  1.730138881182920E+016  1.730421253946370E+016  1.730474867361780E+016
  1.730535942212810E+016  1.730636011338190E+016  1.730833624484700E+016
  1.731153726588510E+016  1.731623404234340E+016  1.731673781429120E+016
  1.732265339204400E+016  1.732829117093120E+016  1.733424390341790E+016
  1.733828466822780E+016  1.734018492065720E+016  1.734323447787030E+016
  1.735453758088810E+016  1.735595043718250E+016  1.735996245480910E+016
  1.736133665709060E+016  1.736390565377990E+016  1.736750790008210E+016
  1.737129858015900E+016  1.737407904850330E+016  1.737408533251640E+016
  1.737458754853270E+016  1.738752003848720E+016  1.739346279947880E+016
  1.739893711752400E+016  1.740277575154480E+016  1.740453334199320E+016
  1.741173761488540E+016  1.742791591731910E+016  1.744109961556790E+016
  1.745095795346760E+016  1.746071303024640E+016  1.746768530168520E+016
  1.746983325977800E+016  1.747934255436950E+016  1.749021331849630E+016
  1.749156705900950E+016  1.749486020528750E+016  1.750127225472170E+016
  1.751071216859920E+016  1.751461803219760E+016  1.753284919088740E+016
  1.753661778389400E+016  1.754730781160240E+016  1.755334106394730E+016
  1.755903698822760E+016  1.756459681389290E+016  1.757035851528240E+016
  1.757424992083120E+016  1.758823063547240E+016  1.759535106581240E+016
  1.760353123408280E+016  1.761325681554230E+016  1.761691613152870E+016
  1.761839798933830E+016  1.762084501689040E+016  1.762115747771900E+016
  1.762293398652270E+016  1.763636336138650E+016  1.764067596225650E+016
  1.764451127380830E+016  1.765181287868010E+016  1.765280201686530E+016
  1.765803209795690E+016  1.766257439896370E+016  1.768118019956540E+016
  1.768707634591020E+016  1.768968364153280E+016  1.769210851761360E+016
  1.770450235770010E+016  1.771196532186570E+016  1.771394100477130E+016
  1.771438698489040E+016  1.771493822720810E+016  1.772054770973320E+016
  1.772988381069820E+016  1.773394969447420E+016  1.773561092505600E+016
  1.774058175120790E+016  1.774356575343410E+016  1.774996441015910E+016
  1.775228873513880E+016  1.775231540131430E+016  1.775255696428560E+016
  1.775322283367780E+016  1.775803277487920E+016  1.775957275708620E+016
  1.776175798895190E+016  1.776343352318360E+016  1.776450657711070E+016
  1.776508861687390E+016  1.776976882830540E+016  1.777039659143990E+016
  1.777098033161420E+016  1.777203000439960E+016  1.778249376595170E+016
  1.778838525592080E+016  1.779381141402680E+016  1.780114781110270E+016
  1.780441245007050E+016  1.781514721144420E+016  1.781838318739300E+016
  1.783069342118300E+016  1.784130502119200E+016  1.784692905036640E+016
  1.785235489390490E+016  1.785559180364600E+016  1.785775763983560E+016
  1.785843761995670E+016  1.786621304530530E+016  1.786895359786810E+016
  1.787074224171570E+016  1.787386917945340E+016  1.787849591281870E+016
  1.788155746194700E+016  1.788605745719400E+016  1.788916291937890E+016
  1.789498222234830E+016  1.789896920781880E+016  1.790309123813680E+016
  1.791058575303920E+016  1.792697321015710E+016  1.794515187222940E+016
  1.795886237692720E+016  1.796485253886730E+016  1.796629962735620E+016
  1.797098481761700E+016  1.797816665276610E+016  1.797958328631200E+016
  1.798238006332430E+016  1.798330603715450E+016  1.798465479929450E+016
  1.799228172616910E+016  1.799693409930520E+016  1.800075143408160E+016
  1.800211236003950E+016  1.800215114818360E+016  1.800296349460070E+016
  1.800484864262140E+016  1.801439850948200E+016
